25 25 18 20 46 30 7 10 62 44 17 12 22 19 14 21 35 32 16 12 29 31 18 19 31 25 11 9 24 24 10 15 28 20 15 27 96 74 9 11 122 51 12 8 19 27 19 53 40 21 11 14 66 84 29 23 47 39 15 13 29 28 10 16 19 8 4 7 88 106 24 15 119 60 10 7 25 41 22 41 45 44 22 29 74 61 12 11 37 25 9 9 32 44 19 20 15 16 6 7 49 66 18 11 42 34 9 9 46 54 25 25 52 46 16 15 26 28 21 19 23 15 9 9 30 34 19 21 
24 46 53 15 3 2 7 10 15 46 67 23 8 11 18 9 24 39 33 18 16 20 23 14 16 9 15 27 31 19 19 13 20 55 74 30 11 1 2 5 24 83 119 54 10 2 2 3 110 105 62 17 11 8 9 21 23 16 24 49 49 31 16 14 14 19 30 28 22 7 5 9 75 25 32 36 26 8 7 31 131 56 22 21 13 4 3 45 24 16 35 61 55 21 5 8 14 9 7 13 18 15 10 12 61 11 9 11 13 9 13 41 89 35 21 23 17 3 6 39 12 13 25 44 36 10 7 7 
86 19 3 4 5 1 1 13 177 39 1 0 0 0 0 35 87 19 4 4 4 2 5 22 15 8 4 5 5 5 5 7 106 23 6 6 7 3 2 14 179 35 1 1 0 0 2 49 98 13 4 6 10 12 13 36 20 8 5 5 6 7 6 8 107 16 4 6 7 3 2 21 178 48 2 1 0 0 1 37 98 35 12 12 10 5 4 13 19 9 6 5 7 5 5 8 95 11 1 3 6 2 2 24 177 26 0 0 0 0 0 52 82 18 4 3 5 4 4 20 16 8 4 5 5 4 4 6 
80 19 6 5 13 9 8 37 46 21 9 18 52 24 12 22 105 36 4 8 13 7 6 29 40 13 4 7 11 9 9 18 107 28 5 8 16 8 7 45 53 21 13 47 97 32 8 16 136 44 7 12 16 6 4 26 55 12 5 9 17 14 10 19 111 35 4 8 17 6 4 39 55 13 5 33 100 49 10 18 135 31 2 5 17 14 7 37 55 19 8 13 21 9 6 16 78 29 8 11 15 4 4 21 44 21 12 29 62 23 6 12 109 38 6 5 13 9 4 30 44 20 9 11 17 5 4 14 
4 7 45 83 22 7 4 11 17 11 43 70 22 10 9 27 34 16 28 25 4 4 22 65 17 10 13 11 6 8 23 43 22 20 63 110 22 3 1 4 121 33 34 37 5 7 21 82 42 13 16 11 14 33 52 83 19 14 23 12 5 13 28 37 45 13 19 71 32 15 26 38 128 57 19 12 4 3 18 64 52 33 55 41 17 14 13 22 28 18 30 20 7 10 20 30 27 4 3 9 17 25 58 72 62 14 6 10 9 8 47 92 26 13 18 15 11 13 32 43 22 17 12 12 8 8 24 23 
12 10 6 8 13 22 17 11 35 25 10 8 15 16 18 21 43 16 8 6 9 24 49 55 8 5 8 13 20 52 44 20 22 22 6 9 20 24 14 12 65 32 14 23 49 29 8 12 138 39 4 5 9 27 38 84 21 4 3 15 57 113 57 27 25 23 12 13 21 16 6 11 69 19 11 19 46 34 15 27 138 80 13 7 10 11 9 44 42 36 22 34 69 75 15 9 16 15 12 8 18 13 5 8 38 29 16 11 21 13 8 16 92 88 25 6 7 7 3 15 38 65 34 18 30 18 4 5 
21 7 7 12 11 7 5 11 129 12 3 4 2 1 6 97 99 12 2 2 3 4 18 93 20 7 4 6 11 15 18 29 48 14 11 10 14 10 4 13 154 18 2 1 1 1 5 104 96 11 5 9 13 14 20 79 23 12 8 11 14 13 10 22 53 16 5 7 15 16 6 15 154 74 2 1 2 3 2 27 107 48 10 13 15 11 7 16 23 14 7 10 16 13 9 14 37 10 3 4 12 13 5 19 147 55 2 1 2 3 2 38 99 51 9 6 6 5 4 20 18 15 10 9 11 12 7 8 
9 3 2 25 94 29 5 5 56 28 10 18 49 19 8 14 100 45 11 9 17 11 5 22 18 10 7 19 47 19 6 8 10 2 1 28 107 39 5 6 46 28 17 41 93 31 4 7 135 62 14 9 19 11 4 20 27 10 8 20 71 34 5 7 10 3 3 30 109 34 4 4 46 5 3 24 93 50 20 24 133 30 4 6 17 12 14 50 29 9 6 23 76 39 9 6 10 6 3 25 84 25 4 4 34 9 6 17 63 31 11 15 101 36 10 9 10 8 7 28 26 14 9 19 48 24 8 7 
8 4 6 9 10 6 5 6 55 16 5 8 11 6 6 17 159 29 1 1 1 0 1 42 130 16 0 0 3 1 1 29 8 5 7 10 11 7 6 8 67 27 15 19 21 8 5 11 163 47 4 1 1 0 1 32 147 18 0 1 4 1 1 31 9 6 6 9 12 9 7 7 69 10 4 10 23 18 14 28 164 28 0 1 2 1 3 51 145 28 1 1 3 1 1 22 8 6 6 8 10 7 5 4 59 16 5 7 11 6 5 16 163 38 1 1 1 0 1 32 128 25 1 1 3 1 1 20 
34 13 14 23 28 13 11 19 34 14 18 36 46 19 13 18 60 25 17 24 31 11 9 26 29 11 10 36 64 17 9 15 62 22 11 21 28 11 11 30 33 17 23 76 97 22 7 11 119 41 18 29 28 10 11 33 27 8 10 68 96 27 13 15 51 27 16 28 34 11 8 23 36 12 15 52 96 38 17 22 117 32 21 47 32 10 14 44 23 11 24 94 87 12 5 9 27 17 16 29 32 13 8 12 36 19 21 36 43 17 14 23 34 19 33 65 45 9 12 22 25 10 24 68 45 6 7 14 
6 7 7 12 10 5 5 7 37 9 7 8 7 5 7 34 118 5 1 0 0 1 22 138 41 3 2 2 4 11 45 93 10 6 4 10 13 7 7 10 102 24 8 12 12 6 5 23 161 29 2 1 1 2 7 97 53 9 5 8 14 15 22 52 9 4 4 6 12 9 6 11 108 14 3 8 16 12 8 24 162 61 3 1 1 1 2 36 64 27 12 14 17 9 7 14 9 6 4 6 11 7 4 9 69 16 3 7 12 8 5 19 156 78 5 2 1 1 1 21 61 42 14 10 9 5 2 9 
29 11 5 12 13 6 7 20 72 10 2 3 5 8 32 85 25 4 5 9 26 43 49 55 9 5 9 24 40 31 21 14 61 23 13 16 11 5 5 16 133 29 5 6 9 12 25 104 30 6 10 57 107 68 38 45 15 10 17 45 61 26 9 10 64 14 6 9 11 11 17 31 134 84 30 27 11 3 5 44 26 27 38 115 112 15 5 10 26 8 10 42 50 13 8 25 46 8 3 5 7 5 14 39 70 29 16 18 16 8 10 43 13 11 22 53 46 18 9 13 16 7 14 29 26 11 6 15 
6 7 4 11 55 75 14 4 59 34 7 9 45 42 12 17 105 35 4 4 6 10 12 49 32 11 4 9 23 21 17 28 5 7 2 5 58 92 26 6 56 25 5 5 78 112 21 12 134 45 3 2 12 14 13 48 42 13 5 13 42 28 16 23 9 21 10 8 27 52 12 6 22 7 7 3 55 123 47 20 130 32 8 3 13 35 32 64 46 22 16 11 38 23 10 17 6 26 19 8 15 18 6 3 13 22 22 7 23 45 15 10 47 38 20 5 19 37 15 20 32 39 23 7 16 10 6 11 
22 10 8 29 68 18 9 14 97 32 7 12 21 10 9 35 27 11 4 26 85 31 8 12 60 25 4 9 23 9 4 22 30 8 3 27 106 32 7 10 129 27 3 7 31 15 5 39 38 8 3 26 120 53 6 14 76 32 7 12 31 10 4 22 27 5 2 20 110 38 8 12 129 32 4 12 34 11 5 33 39 12 5 42 123 35 5 9 64 22 9 14 33 12 7 27 20 6 3 19 80 25 9 11 101 24 5 9 24 11 10 34 26 9 5 29 89 30 13 14 42 11 7 16 29 12 12 24 
10 11 7 6 14 11 6 6 56 31 10 5 8 6 6 15 140 30 2 0 1 2 4 60 76 12 4 7 12 10 8 33 12 17 11 10 18 20 16 6 78 35 15 12 18 19 11 12 152 45 4 1 1 1 2 49 85 16 6 9 19 13 6 26 14 30 21 10 15 14 11 5 73 30 15 9 15 24 20 24 148 83 14 2 1 2 5 39 63 59 36 16 13 9 5 9 11 21 21 11 15 10 4 5 34 50 28 8 6 5 6 11 81 118 44 7 1 1 3 10 30 89 72 16 2 1 2 3 
19 84 84 16 7 5 2 1 38 90 56 19 18 10 5 6 16 17 23 21 21 24 15 7 12 13 22 13 13 18 16 12 42 74 62 17 14 13 19 13 129 102 28 7 4 4 9 32 55 15 15 33 35 32 31 18 19 17 28 20 21 26 26 11 22 6 3 2 8 46 117 53 132 44 19 7 3 11 50 84 46 29 53 46 20 13 12 13 27 20 32 20 10 17 24 16 4 14 19 8 11 25 66 21 16 17 25 20 12 21 40 38 20 15 34 25 4 14 29 24 11 18 27 15 5 11 25 15 
45 9 3 5 6 2 1 6 192 30 0 0 0 0 0 26 120 15 3 3 4 3 2 16 7 4 3 4 6 5 3 4 58 8 2 6 9 3 2 6 192 22 0 0 0 0 0 37 141 10 3 4 7 4 4 25 10 5 4 5 6 5 4 7 57 7 2 5 9 4 3 8 192 41 0 0 0 0 0 20 141 26 4 5 7 4 2 10 10 6 4 4 6 4 3 7 42 6 2 3 6 4 3 8 192 34 0 0 0 0 0 25 123 21 3 3 4 3 2 13 8 5 4 5 5 4 3 5 
7 6 5 4 8 5 4 5 105 26 6 4 7 5 3 13 187 47 1 0 0 1 1 29 50 13 4 6 10 10 5 12 7 5 5 5 9 6 5 5 118 32 7 10 13 7 3 8 187 50 1 0 1 1 1 30 69 13 3 6 13 14 8 16 6 4 4 6 11 6 6 5 115 11 3 6 13 11 8 26 187 43 1 1 1 1 1 39 72 18 6 10 16 11 5 11 5 3 3 5 8 6 5 5 74 20 4 5 8 5 5 11 186 81 2 1 0 0 0 13 68 29 8 6 8 6 3 7 
27 17 15 18 17 3 2 5 127 36 13 10 4 0 2 44 96 20 8 7 8 9 10 40 10 7 9 9 11 19 15 12 44 16 14 20 20 8 3 7 143 40 7 5 4 1 3 59 97 34 29 24 15 6 11 34 16 27 26 17 12 12 9 9 33 20 9 9 14 11 8 7 129 129 43 5 2 2 3 11 42 109 99 29 9 2 2 3 21 60 68 22 6 4 4 6 13 10 3 8 10 8 7 7 32 65 23 8 5 6 7 7 36 86 57 8 4 3 3 3 20 65 55 13 3 2 3 4 
16 13 60 49 10 3 18 22 15 33 83 47 11 9 10 10 8 11 45 49 39 16 7 3 15 7 23 24 23 14 5 9 17 32 106 87 27 3 3 4 127 70 65 31 10 8 15 25 41 10 12 27 74 46 26 14 27 14 12 19 32 20 9 12 53 18 24 45 39 15 14 18 138 34 6 8 11 4 7 44 50 11 6 37 88 33 6 7 24 11 10 27 39 18 4 7 51 7 2 12 19 16 17 29 116 18 7 6 10 5 8 54 35 9 7 25 72 22 4 8 19 5 5 22 41 14 5 11 
9 5 8 14 10 8 6 10 99 26 7 5 11 6 4 20 142 33 1 0 2 2 6 49 36 9 3 3 11 7 11 26 11 4 5 7 10 20 32 21 107 20 3 3 12 23 36 32 150 46 1 0 1 2 6 46 51 13 4 8 13 10 11 16 14 3 5 1 5 23 82 58 35 5 3 0 3 33 119 104 140 23 4 1 1 6 41 116 46 21 12 10 11 6 9 15 17 7 12 3 3 12 48 52 25 17 17 4 4 14 48 59 55 32 14 7 4 8 20 39 29 21 16 10 8 3 6 9 
22 6 2 23 87 13 2 4 150 27 2 5 14 2 0 22 120 23 2 2 2 0 2 20 23 11 5 4 10 2 3 7 30 5 3 30 113 22 1 4 154 22 2 7 17 3 1 30 130 18 3 4 6 2 3 25 31 13 4 5 10 3 2 11 29 3 3 23 114 24 1 6 155 31 1 5 17 4 1 23 133 27 2 2 7 2 2 16 30 9 4 5 10 4 3 11 22 3 3 16 82 19 2 8 151 19 1 2 11 4 1 32 115 20 2 1 3 2 1 19 22 8 5 3 8 4 4 8 
53 16 7 6 8 2 2 11 140 29 3 3 13 4 2 30 31 5 3 33 112 21 3 8 6 4 5 26 59 12 2 2 65 16 6 8 13 4 2 12 149 27 2 4 19 7 3 37 40 4 2 36 143 36 4 10 8 4 6 27 69 13 4 5 68 12 3 6 13 4 3 14 149 37 3 9 20 2 0 23 38 11 4 48 143 26 3 3 9 5 3 18 66 16 6 7 56 11 2 3 9 5 4 14 144 29 2 6 14 2 1 26 29 7 3 29 119 24 4 5 8 3 2 12 55 15 6 5 
56 21 10 10 13 3 2 8 154 38 2 0 1 0 1 40 87 21 4 3 9 10 5 28 12 10 4 5 11 8 5 8 67 19 10 9 16 11 10 14 158 36 2 0 1 1 2 47 100 13 6 8 18 15 9 30 16 12 11 9 10 8 8 16 44 6 6 6 12 29 51 52 157 33 2 0 0 2 17 99 86 26 12 12 15 8 10 26 15 11 8 10 10 8 15 23 16 3 1 1 4 27 90 91 80 9 3 1 2 5 49 123 36 12 10 9 7 6 17 38 11 7 10 16 10 5 10 15 
7 6 12 25 37 29 14 7 21 23 23 41 55 33 9 6 84 55 17 10 8 6 11 27 37 19 7 7 7 8 18 28 9 8 9 28 58 33 18 9 27 25 25 80 120 44 7 5 133 75 18 16 12 6 9 36 65 16 5 7 11 14 22 32 13 9 11 20 57 33 17 12 23 4 4 20 114 105 36 25 134 27 2 3 13 25 23 79 74 23 7 11 13 11 8 22 14 11 11 17 31 20 13 13 17 6 6 24 62 51 22 22 91 22 4 5 13 13 17 60 49 20 9 11 11 6 6 20 
13 20 22 15 16 12 8 9 20 30 27 35 34 15 5 9 58 44 17 16 16 12 12 40 46 19 6 3 7 15 29 51 13 22 25 20 19 15 8 8 33 34 39 75 62 14 4 5 132 54 16 14 8 4 12 69 66 19 7 13 17 24 29 54 18 14 16 21 26 21 11 10 43 16 11 38 85 45 14 14 134 107 23 8 10 6 7 34 51 73 45 27 23 9 6 10 11 12 10 21 27 18 8 6 13 19 14 33 61 33 7 4 53 103 42 11 17 12 5 10 39 96 52 12 5 3 2 6 
2 2 2 18 76 20 2 1 34 12 3 19 78 19 3 9 134 31 1 3 6 2 2 29 101 21 1 0 1 2 2 24 3 2 2 19 86 26 1 2 38 17 6 30 110 24 2 5 143 44 3 4 7 1 1 28 116 22 1 0 1 1 1 27 3 2 3 24 87 22 1 1 38 4 2 23 107 32 7 15 143 27 0 1 7 5 4 40 114 27 2 0 0 0 1 18 2 1 4 18 76 23 2 1 31 7 2 19 71 20 4 9 139 32 0 1 5 2 2 28 100 23 1 0 1 0 0 20 
26 30 50 23 12 9 18 16 18 35 54 32 7 7 17 11 9 25 28 17 6 8 26 21 7 18 9 9 9 9 31 12 30 31 64 53 30 29 12 5 114 54 46 25 6 4 19 62 34 26 22 22 17 31 52 46 13 25 15 6 8 17 29 20 16 5 7 18 41 93 56 10 107 100 53 13 13 28 26 21 44 87 97 39 8 11 8 11 47 51 34 6 5 21 17 30 3 6 9 11 36 61 49 7 9 17 14 8 25 76 70 15 40 55 33 7 9 47 31 18 38 68 60 12 6 8 11 11 
31 34 17 13 13 7 9 11 102 46 11 6 10 7 9 44 37 9 5 42 95 32 9 22 11 10 10 42 74 21 5 6 45 25 19 19 25 18 10 12 132 50 13 11 14 6 4 42 47 9 9 83 121 34 7 16 12 9 13 45 69 27 15 11 33 16 11 17 22 23 20 21 122 83 54 32 10 5 7 26 19 27 67 110 73 9 3 5 12 13 27 36 36 15 11 13 19 14 13 16 16 10 16 16 29 32 36 28 19 10 9 16 12 22 47 48 24 12 7 8 16 18 22 23 17 7 8 12 
27 11 19 37 49 18 11 17 46 22 25 32 44 17 16 30 59 25 18 29 33 14 16 30 42 20 18 29 40 14 10 22 25 14 25 70 89 21 8 12 113 35 18 23 29 16 24 55 42 16 20 51 80 42 27 30 71 24 17 24 31 16 17 42 26 13 18 45 74 39 24 23 113 39 25 29 26 17 21 50 43 24 38 76 80 21 14 24 89 20 10 16 24 10 17 62 35 16 11 19 34 28 23 29 39 19 18 29 52 25 19 34 55 21 19 31 33 16 21 44 60 21 13 25 26 8 12 40 
38 112 48 6 2 1 0 2 68 127 46 8 1 1 1 5 39 51 19 10 4 3 5 11 15 12 13 8 6 8 8 10 50 67 27 6 7 4 3 8 112 110 41 5 1 0 1 28 110 63 19 6 3 4 13 32 30 14 8 5 5 10 11 16 48 15 3 3 7 6 11 22 132 53 10 5 3 2 4 39 120 48 12 7 1 2 6 31 37 16 7 5 5 7 7 10 31 10 6 5 5 2 7 23 115 45 6 4 4 1 4 38 114 49 3 3 2 1 3 25 30 17 5 4 7 4 3 9 
24 3 5 8 8 12 29 64 45 13 8 8 7 18 47 80 58 16 6 5 7 19 42 79 17 4 3 5 15 28 47 40 64 5 3 4 5 14 45 104 51 15 19 36 41 55 45 51 121 40 11 11 11 16 17 53 31 8 6 19 42 44 26 25 75 18 5 6 13 15 21 65 40 11 9 21 58 84 36 28 117 48 14 9 13 26 19 41 32 26 27 36 38 24 7 9 50 27 12 12 12 6 6 26 25 25 21 19 33 30 16 18 32 33 20 19 22 23 18 22 19 28 27 25 15 10 8 9 
7 3 2 3 4 2 2 4 116 13 2 2 5 2 1 13 192 20 0 0 1 0 0 34 49 6 1 5 13 5 2 10 8 3 2 4 5 3 3 5 144 21 3 5 8 3 1 9 193 33 0 0 1 1 0 25 58 7 2 7 19 8 3 10 8 3 2 4 6 3 2 4 145 8 1 4 7 3 2 23 192 22 0 0 1 0 0 36 57 10 3 7 17 7 3 8 6 2 2 3 5 2 2 4 123 12 1 3 4 2 1 15 192 25 0 0 1 0 0 26 46 9 3 6 12 4 2 7 
14 7 3 8 36 19 7 9 34 6 2 24 114 29 2 7 147 19 1 5 18 3 2 38 49 10 1 3 12 7 5 19 19 11 3 9 45 19 7 11 48 10 2 36 142 33 2 5 155 30 1 8 23 4 2 32 58 10 3 7 18 12 6 16 20 11 5 12 45 17 5 9 47 5 2 28 147 44 3 10 155 32 1 4 22 8 2 33 59 16 5 9 17 9 2 10 16 8 4 13 41 15 4 6 33 6 3 31 123 28 2 7 147 38 2 4 17 5 1 24 50 22 5 6 12 5 1 7 
49 14 7 8 9 5 3 9 179 42 2 1 2 1 1 32 70 18 6 15 32 15 5 16 6 5 4 16 36 20 5 3 63 12 5 12 14 9 5 9 179 28 1 2 3 3 3 50 88 10 4 21 64 30 8 24 8 11 8 22 44 16 4 5 63 9 4 10 14 9 6 12 179 52 3 3 3 2 2 28 89 25 9 28 64 26 5 8 8 7 5 21 48 22 8 6 50 8 4 7 10 6 4 13 178 40 2 1 2 1 1 35 71 24 9 16 31 17 5 13 6 6 6 20 39 20 8 6 
37 20 8 13 27 11 5 9 93 39 7 9 20 15 9 29 15 6 6 21 91 56 9 9 11 13 8 15 50 26 4 5 45 17 10 22 46 15 4 7 136 35 5 5 18 22 15 61 30 4 2 19 127 101 19 20 11 8 5 17 73 41 6 5 39 11 6 15 39 22 9 14 137 73 13 11 13 7 4 28 36 26 16 57 127 52 4 5 9 6 3 19 80 46 8 5 24 12 6 11 24 18 7 11 92 58 11 6 8 6 4 22 34 26 16 34 72 29 4 6 8 6 4 17 65 35 6 3 
115 27 1 3 5 2 3 37 105 22 1 1 5 12 17 60 31 8 3 4 21 26 23 35 20 7 3 7 15 19 13 14 132 29 2 1 3 1 3 37 136 28 2 2 8 13 18 68 33 8 4 13 60 60 36 31 25 12 4 9 20 20 16 15 129 19 1 1 3 2 6 53 138 57 10 8 8 6 4 40 39 29 21 44 63 30 9 12 27 12 4 10 23 19 14 20 110 18 0 0 1 2 5 48 113 34 4 4 6 5 5 43 34 22 11 19 24 13 8 18 25 12 4 11 19 12 7 21 
19 11 13 58 67 13 5 12 105 40 13 26 22 5 3 30 46 16 13 34 41 16 6 22 10 15 30 45 27 7 4 6 26 9 6 64 102 18 4 10 128 29 6 19 28 7 3 42 48 8 12 80 103 17 4 14 5 15 37 74 41 6 2 4 32 8 5 49 84 24 7 15 123 54 21 28 23 7 4 26 24 18 34 105 84 10 5 3 7 8 22 60 38 8 12 9 30 10 10 30 51 16 7 20 47 29 25 32 21 8 6 21 11 14 27 63 45 6 4 7 11 8 16 36 31 5 4 7 
50 12 3 8 27 14 10 23 36 11 5 22 70 24 9 14 96 22 3 7 33 20 6 29 18 5 4 20 96 38 3 6 63 17 4 13 35 13 7 21 46 15 6 37 111 24 3 7 130 33 3 9 42 16 3 24 26 5 1 21 125 48 2 6 55 20 7 16 34 12 6 14 46 9 4 26 105 35 7 14 132 27 3 9 38 13 5 34 28 8 2 27 123 40 2 6 41 15 6 18 27 8 4 10 37 14 7 24 63 19 5 11 97 38 7 11 25 8 5 20 21 11 5 25 95 26 5 7 
29 28 36 27 18 14 8 16 33 37 46 29 15 15 15 27 19 36 41 25 19 21 20 19 16 20 18 10 10 15 19 18 31 26 24 27 26 34 23 20 37 55 90 90 61 28 8 12 119 93 68 32 13 11 17 41 35 18 19 23 21 30 35 31 11 15 12 12 26 48 33 15 22 10 13 28 69 106 68 29 121 59 32 17 10 30 46 74 43 43 55 46 22 17 15 15 11 14 11 7 12 25 21 12 10 15 18 11 19 55 38 15 20 24 23 16 16 42 38 25 28 31 28 18 12 19 23 18 
2 2 6 25 12 6 6 6 7 5 12 63 28 4 6 13 24 11 18 71 32 9 25 36 60 26 11 19 10 12 49 64 4 4 17 64 18 5 4 9 27 12 31 108 42 10 12 13 118 38 18 32 11 19 55 95 52 21 17 20 31 54 75 61 19 11 22 77 25 11 12 15 56 13 8 45 31 40 84 74 114 58 31 15 12 30 62 63 25 37 58 56 28 14 7 7 30 9 8 31 21 29 43 31 66 40 21 19 11 18 34 50 15 20 29 36 28 25 21 17 11 14 27 21 9 8 10 13 
14 12 19 33 19 12 12 17 16 11 22 33 20 22 38 33 24 21 18 13 11 29 50 33 24 20 11 9 12 25 25 21 38 17 21 46 35 23 12 16 121 26 9 13 11 30 78 107 22 10 6 21 65 103 101 47 22 17 11 15 33 37 27 20 45 14 10 22 32 36 28 27 124 89 49 24 12 14 15 42 24 34 67 101 79 33 10 10 16 15 23 39 35 16 12 18 26 17 13 11 16 22 19 22 36 35 31 19 17 17 17 21 15 18 41 45 24 12 15 15 19 11 17 25 14 10 15 24 
5 7 15 28 25 13 8 6 10 14 37 51 23 14 7 7 17 20 29 41 23 25 13 12 24 16 20 26 28 34 16 14 9 14 42 66 37 10 6 7 26 27 66 108 63 34 12 7 123 65 35 22 13 35 32 53 45 10 3 9 50 94 53 31 44 19 22 30 36 31 27 33 43 9 7 22 55 98 93 55 124 38 11 8 13 34 54 86 35 21 18 32 49 42 16 16 36 13 6 10 28 38 32 32 40 18 14 14 27 32 28 34 29 13 9 12 19 19 23 35 19 15 13 15 21 11 9 13 
23 16 12 26 42 17 9 8 35 28 19 31 64 24 5 9 100 47 9 6 9 9 6 38 35 18 5 7 21 17 14 27 25 11 6 16 51 33 19 15 43 23 10 31 100 58 13 11 129 59 7 7 13 10 7 38 54 21 9 15 26 24 16 20 24 10 6 6 31 46 38 27 20 3 3 6 59 106 85 39 113 18 3 2 8 24 63 99 37 23 13 11 19 21 20 21 19 9 5 5 13 32 50 33 12 8 8 5 11 44 82 34 18 8 8 6 8 25 66 53 18 8 9 14 15 20 36 21 
34 28 15 7 7 5 7 11 131 40 4 1 1 0 5 43 89 18 4 4 6 3 9 35 8 11 12 6 21 12 11 7 48 22 10 9 13 12 6 14 141 46 6 3 2 1 1 44 91 24 47 31 8 4 2 21 5 16 65 44 13 3 1 2 34 9 4 6 10 26 34 41 130 96 39 4 3 5 19 34 31 63 117 50 6 5 15 12 11 19 81 48 6 11 19 17 14 4 7 9 4 13 57 53 32 11 6 2 3 14 85 91 13 11 15 4 2 20 95 63 5 4 8 4 4 23 75 39 
37 19 17 14 7 4 3 9 131 44 8 5 2 1 2 37 91 33 26 33 13 6 6 32 6 18 33 63 27 8 7 7 50 18 13 16 16 8 8 12 140 43 9 7 4 2 3 49 73 21 44 100 37 7 6 22 5 21 62 90 25 3 3 7 46 19 8 9 15 10 9 14 133 98 47 16 4 2 2 19 23 38 82 112 32 4 3 4 12 11 50 60 15 5 7 16 23 14 6 7 9 7 10 13 52 42 29 12 6 5 7 17 22 22 38 34 14 9 7 10 16 9 20 19 9 7 10 19 
17 6 11 19 14 10 19 33 25 13 24 35 12 7 19 37 61 34 20 15 7 6 12 35 37 16 5 4 14 16 11 33 19 15 44 57 12 6 10 25 28 29 73 112 27 4 5 13 130 81 38 21 3 2 5 33 60 26 7 5 18 17 14 28 13 20 63 79 17 2 4 8 67 22 46 87 25 6 10 33 135 47 12 7 2 1 4 59 58 32 27 18 15 10 5 14 9 8 21 42 21 9 9 11 71 22 16 16 6 4 11 51 109 43 15 6 1 1 7 50 34 29 25 17 9 5 9 14 
42 15 5 14 17 7 3 12 108 26 4 7 11 7 7 33 50 18 9 31 59 21 8 14 90 29 5 10 18 10 6 23 55 15 10 18 18 10 5 13 133 25 5 8 15 9 6 38 61 15 6 36 101 39 7 16 117 36 5 11 20 6 2 32 50 11 6 12 20 14 11 16 133 43 6 11 15 5 3 24 62 19 8 46 106 28 3 12 119 29 5 11 22 7 3 34 38 10 2 7 18 16 11 18 105 30 6 9 16 7 5 29 51 14 10 26 64 22 6 15 92 23 6 10 16 7 4 24 
16 5 5 38 115 23 3 5 112 29 6 14 36 4 5 32 49 16 7 5 11 10 11 25 16 10 8 6 18 10 7 8 23 7 5 56 139 24 1 3 142 26 4 15 37 5 6 51 60 9 5 11 28 28 23 34 18 11 9 9 21 17 12 11 27 6 2 51 141 26 2 6 144 48 4 9 33 7 2 25 66 29 16 22 29 13 6 10 16 8 9 12 23 14 8 11 20 6 3 32 118 26 4 9 124 32 3 4 23 9 5 38 54 26 11 10 14 8 6 14 14 9 8 11 17 9 5 8 
6 4 8 22 22 7 3 4 57 17 9 17 15 4 5 16 141 27 3 3 5 3 5 56 41 6 4 32 64 16 9 21 9 7 9 22 24 7 3 5 87 25 12 27 24 6 2 10 152 41 4 8 11 4 4 42 39 7 6 75 114 15 4 12 8 9 14 20 20 7 5 5 95 14 7 18 26 10 6 25 152 55 11 21 15 1 1 35 24 12 12 101 118 9 2 4 7 6 11 15 18 8 6 7 71 22 8 11 12 4 5 19 125 66 17 20 14 1 1 17 12 14 19 63 71 9 5 5 
11 10 10 10 7 6 12 12 22 12 9 6 8 10 27 39 16 8 5 3 5 12 75 60 16 3 2 2 1 13 76 52 29 16 12 12 9 7 12 14 120 13 3 3 4 4 47 115 37 3 0 2 3 22 125 109 14 3 2 6 4 19 103 65 47 13 5 10 16 8 8 18 137 52 3 3 5 1 6 46 97 36 11 11 9 11 34 36 21 13 18 22 14 10 31 21 35 7 2 4 14 14 17 28 118 40 5 4 8 4 9 42 81 43 23 16 9 3 4 19 15 14 26 32 17 4 5 6 
17 10 8 11 22 12 9 11 33 11 7 6 11 20 32 34 19 14 9 5 13 33 35 18 26 21 8 4 6 12 13 14 37 18 13 19 33 16 9 11 124 19 4 4 6 24 52 87 20 4 3 3 36 119 80 32 21 22 10 6 13 45 38 22 41 13 8 13 38 23 13 18 138 46 3 2 6 10 9 43 74 15 3 4 57 114 40 20 9 7 3 5 34 80 52 20 28 10 5 10 25 13 14 24 132 40 2 1 3 3 7 45 93 29 6 5 33 47 21 25 6 4 7 11 48 65 22 10 
9 10 14 16 11 5 5 7 71 25 10 10 6 6 11 30 160 26 2 1 1 1 5 75 55 8 3 7 12 7 7 28 17 13 20 14 12 4 4 11 96 55 25 18 17 5 4 13 165 72 5 2 1 1 1 36 61 12 5 12 17 10 6 17 13 9 13 13 13 5 6 10 113 15 11 13 17 8 10 52 165 26 2 1 1 1 2 82 55 15 9 12 15 6 3 11 12 6 7 10 11 6 10 13 118 14 4 5 7 4 10 63 160 16 1 2 2 1 4 77 30 9 6 12 12 5 5 13 
11 6 3 5 7 5 6 6 93 15 2 4 6 5 4 17 152 19 1 2 16 6 2 32 22 2 1 14 121 25 2 5 17 5 3 6 9 6 7 7 106 20 5 8 11 5 4 14 157 28 1 2 19 6 1 22 30 2 0 14 142 36 2 5 17 8 4 6 9 6 5 6 103 11 3 6 11 9 6 22 157 22 2 4 15 4 1 29 34 5 1 15 139 34 2 3 13 6 3 5 7 5 4 7 87 14 3 4 7 4 3 20 153 31 1 3 10 2 1 22 31 7 1 15 110 22 1 3 
11 15 24 10 5 22 45 23 18 24 22 6 5 38 70 30 23 9 6 4 10 58 86 51 9 5 3 3 10 69 72 24 12 27 66 21 12 13 21 10 52 67 76 18 11 11 18 16 115 53 13 2 7 31 41 50 26 8 3 4 21 86 65 23 12 19 46 19 8 10 29 12 79 30 28 12 11 11 31 48 123 37 7 4 8 4 6 55 46 17 11 14 33 36 8 10 16 12 27 10 12 10 17 18 66 43 26 8 4 3 16 38 91 55 23 4 4 1 3 38 27 26 18 11 21 10 1 5 
11 7 6 19 21 9 12 11 9 9 17 54 50 12 9 7 64 24 15 24 23 7 6 29 48 9 5 6 11 8 9 30 11 7 11 50 43 10 9 10 22 20 37 115 87 7 2 4 132 63 26 30 12 3 6 33 58 14 6 11 16 13 16 26 6 4 15 88 67 4 2 5 50 9 11 110 104 11 5 21 138 31 4 9 10 3 3 59 59 18 7 15 17 9 7 16 3 4 13 75 67 9 2 2 62 10 9 47 53 12 9 37 124 27 5 5 4 1 5 59 39 18 12 14 12 4 3 12 
55 93 28 3 2 3 1 5 77 107 24 5 6 7 4 12 22 44 31 22 25 18 7 10 13 34 24 19 25 16 5 5 74 64 15 5 5 8 4 11 133 71 8 2 5 7 10 54 41 24 17 22 62 44 22 27 16 39 30 16 29 22 11 8 84 23 5 7 5 10 8 30 135 60 11 5 7 3 3 45 44 32 31 37 69 27 8 10 14 24 25 22 35 24 17 11 68 17 3 3 4 5 7 40 108 39 6 4 8 4 6 56 29 30 20 20 45 20 7 13 10 20 21 20 34 19 7 5 
21 20 25 23 16 12 9 11 36 19 12 15 26 25 26 26 12 6 7 16 37 34 31 20 8 13 14 16 18 18 13 7 36 32 41 37 24 14 9 12 124 43 15 9 15 24 30 63 20 3 4 18 95 94 39 23 8 8 10 16 35 35 19 13 38 11 10 13 17 37 65 49 126 36 11 11 13 16 40 80 31 14 15 42 100 66 19 14 13 4 6 11 35 46 31 21 26 7 6 3 6 30 69 65 34 10 10 11 22 34 63 64 12 8 11 22 47 49 37 23 8 3 10 14 24 35 33 21 
13 13 21 12 9 11 11 9 66 42 17 4 2 6 11 24 100 34 7 4 17 13 22 59 18 5 6 23 75 40 22 14 11 10 14 10 12 26 35 16 80 45 22 10 7 25 29 23 131 64 10 9 24 8 6 37 23 9 8 50 111 29 5 9 17 10 6 6 8 32 56 33 44 6 7 5 10 46 82 67 119 28 16 23 21 12 28 77 13 8 14 66 96 22 4 4 21 13 13 7 10 15 29 32 28 15 17 15 13 15 35 42 34 21 24 34 22 14 14 28 4 5 14 42 54 20 4 2 
37 25 9 4 8 9 9 22 58 15 5 2 6 17 33 59 17 9 6 5 15 41 43 35 12 10 5 5 11 24 18 15 64 21 6 9 16 17 13 24 131 25 3 2 6 22 45 105 25 6 4 7 64 111 71 39 14 13 6 6 28 49 31 18 48 20 4 5 16 33 26 21 130 103 20 5 7 8 8 30 41 61 37 32 72 63 17 10 11 12 7 15 40 57 31 13 18 27 14 6 16 29 16 9 74 91 26 6 7 14 8 12 41 81 47 18 17 10 5 6 11 27 29 23 27 28 9 5 
