7 4 6 10 11 6 5 4 51 14 5 8 12 7 6 16 157 26 1 0 1 0 1 44 132 15 0 0 3 1 1 32 8 5 7 10 11 7 6 6 66 25 14 18 22 8 5 10 163 44 3 1 1 0 1 34 147 19 0 1 4 1 1 34 9 6 6 9 11 9 7 6 67 9 5 10 23 18 14 28 164 28 1 1 1 1 3 51 148 28 1 1 3 1 0 23 8 6 6 7 10 8 5 4 56 16 6 6 11 7 6 17 162 36 1 0 1 1 1 33 130 25 1 1 3 0 0 21 
13 15 20 25 26 15 10 11 13 25 42 48 32 16 10 9 36 46 35 22 14 19 19 20 22 21 15 11 14 22 24 21 15 17 20 41 45 23 14 11 23 35 61 107 95 29 7 7 126 91 44 25 11 12 15 40 47 17 10 12 23 37 34 28 15 14 14 22 45 39 23 16 21 7 6 26 88 104 75 39 125 35 7 6 9 28 54 95 52 30 18 19 24 19 14 19 18 16 13 14 22 20 20 18 19 15 15 12 28 45 42 28 40 21 12 8 12 23 34 46 28 23 17 15 15 13 10 16 
2 2 40 86 24 4 3 6 12 4 45 90 26 5 5 25 25 7 21 29 7 7 25 75 20 6 11 6 5 5 26 58 15 15 65 110 20 3 1 2 114 29 39 45 6 3 11 75 48 10 13 6 9 16 34 94 18 8 15 8 10 10 23 39 33 12 20 57 21 19 37 33 124 44 9 6 2 6 28 69 65 33 32 14 16 13 11 24 26 21 20 10 10 9 18 27 21 1 2 8 5 17 71 74 48 6 3 6 6 14 62 87 24 17 15 8 13 15 35 35 17 23 11 5 7 8 24 23 
18 8 11 36 73 16 7 12 93 26 12 15 23 8 7 33 30 9 7 35 85 24 7 12 70 20 6 13 21 7 3 23 29 8 5 38 106 24 6 8 126 23 4 11 32 13 6 40 40 7 4 32 118 47 7 15 92 27 6 10 26 9 4 29 27 6 2 28 106 27 6 11 127 34 5 15 33 8 5 31 40 13 6 49 118 31 7 11 84 21 6 11 26 10 8 33 19 6 4 22 73 20 10 14 93 22 7 10 22 9 11 39 28 9 7 32 82 28 14 17 58 15 7 15 22 9 10 26 
10 14 15 8 10 22 36 17 18 18 13 5 13 39 58 27 18 7 3 3 11 54 90 54 10 9 2 2 7 56 84 30 18 22 36 19 14 16 20 14 56 44 41 24 22 15 14 19 126 34 7 3 6 27 53 76 26 7 5 7 21 74 82 37 14 21 32 21 12 12 15 9 81 28 20 18 18 12 15 32 131 50 7 4 6 5 7 40 48 27 17 21 36 36 10 12 13 9 15 10 20 17 12 13 63 35 13 7 11 8 11 27 99 58 14 4 6 4 4 30 37 35 14 11 19 16 6 8 
29 17 9 14 14 12 13 24 43 15 7 8 11 22 42 57 17 11 6 8 24 48 53 35 13 11 9 12 18 30 24 18 55 21 14 21 22 18 13 22 127 31 7 6 9 24 51 100 23 7 6 25 79 104 75 41 12 9 9 19 43 46 27 15 52 16 9 13 20 24 22 28 126 101 51 22 8 7 10 34 23 46 71 93 77 30 8 8 12 15 22 39 41 26 16 13 24 15 14 11 12 12 15 23 35 46 35 20 13 13 12 20 15 37 51 41 21 11 9 11 14 21 25 27 19 10 10 15 
10 6 4 8 11 7 6 5 73 16 4 7 8 6 5 15 146 20 1 3 20 8 3 36 21 2 1 17 124 27 2 6 14 6 5 9 13 8 9 7 87 23 8 14 16 10 6 10 156 36 2 3 23 8 1 23 29 3 1 17 148 41 2 5 14 9 6 8 12 9 7 6 85 10 4 9 18 15 11 23 157 24 1 4 19 5 2 36 33 5 1 21 145 40 2 3 10 6 5 8 11 8 5 8 69 15 4 7 9 6 5 18 149 37 2 4 12 2 1 22 29 9 2 20 113 26 2 3 
38 31 8 21 84 27 6 8 122 75 7 4 8 3 3 21 50 37 10 9 16 12 10 13 9 12 13 11 28 18 5 5 42 25 5 25 116 58 8 8 137 50 3 5 18 11 7 40 64 21 14 24 44 21 13 19 19 20 20 18 26 14 4 5 28 10 2 7 92 99 44 22 134 38 14 7 21 27 26 61 48 31 31 38 44 11 5 9 23 16 14 15 18 11 11 14 14 21 10 11 48 67 38 24 39 17 15 14 22 36 52 55 20 23 23 21 18 14 29 24 13 15 20 22 12 8 15 14 
51 20 7 10 14 5 3 15 107 24 4 4 10 11 13 57 22 5 4 18 64 49 18 23 11 8 6 18 40 22 6 8 75 21 9 14 17 7 4 17 139 29 3 5 14 17 18 89 31 5 4 31 130 87 23 29 13 9 8 24 59 25 8 10 75 18 5 9 16 8 9 24 138 95 22 21 12 3 3 28 28 31 29 98 124 24 4 6 16 7 8 30 52 22 10 15 52 17 5 6 9 9 8 24 93 58 14 12 10 3 5 28 18 24 22 51 52 14 6 9 14 9 9 23 30 15 7 12 
32 102 54 11 2 1 1 2 80 126 40 7 2 3 1 6 37 40 23 13 7 9 5 13 14 20 16 10 10 11 6 9 58 59 30 11 8 6 6 10 144 93 12 2 1 2 4 42 82 26 11 11 13 16 21 36 20 16 14 9 9 14 13 16 67 16 4 6 7 11 16 29 144 55 6 2 1 2 5 49 92 44 22 16 12 10 9 20 23 14 13 14 13 13 9 13 47 13 5 6 4 6 10 34 124 47 7 3 2 2 5 52 78 43 12 11 11 5 4 19 20 16 16 13 15 10 5 9 
56 17 7 5 7 2 2 10 144 29 3 3 15 5 2 29 31 4 2 29 119 25 2 8 7 5 5 20 53 14 2 3 68 16 6 7 8 4 2 12 152 26 2 3 20 7 2 34 42 3 1 29 147 38 3 10 10 3 4 19 62 15 5 6 71 12 3 4 9 5 3 14 152 35 3 8 20 2 0 22 41 10 3 43 144 26 3 3 12 4 3 15 58 16 8 9 58 11 2 2 7 4 3 14 145 28 2 5 14 2 1 25 30 7 2 27 118 21 5 6 10 3 2 11 46 13 9 6 
5 3 3 4 4 2 2 3 114 13 2 2 4 2 2 13 194 24 0 0 0 0 0 33 51 7 2 4 7 4 3 11 7 4 4 3 5 3 3 4 140 22 4 5 7 3 2 9 194 34 0 0 0 0 0 25 63 8 2 5 10 6 4 12 7 3 3 4 5 3 3 4 140 9 2 4 7 4 3 23 194 27 0 0 0 0 0 35 63 12 4 6 9 5 3 9 6 2 2 3 5 3 2 4 111 14 2 3 5 2 2 15 194 40 0 0 0 0 0 23 53 13 4 4 5 3 2 7 
50 15 8 9 11 3 4 10 152 28 2 1 1 0 3 50 92 20 2 3 10 7 7 37 13 9 4 6 11 7 6 8 64 18 10 7 13 10 8 16 157 30 2 0 1 0 2 52 101 14 6 10 17 13 8 33 15 11 11 11 10 7 8 15 48 7 6 6 12 25 38 47 156 33 2 1 1 2 13 92 88 25 12 12 15 8 11 26 15 10 8 9 8 8 16 24 27 4 1 2 6 23 75 91 89 8 2 1 2 4 47 133 38 8 8 8 7 5 24 47 10 6 8 13 10 5 17 18 
8 10 11 12 16 9 6 6 103 51 10 7 6 5 5 13 166 75 2 1 0 0 0 17 45 18 6 7 10 8 3 9 11 10 8 12 19 10 6 8 99 53 12 17 20 9 5 9 168 82 2 2 1 1 1 23 71 18 4 5 10 11 6 15 11 8 7 12 21 9 5 7 104 12 5 12 17 14 11 41 168 35 1 1 1 1 3 71 72 20 8 8 10 11 6 14 9 6 5 10 15 9 7 6 89 21 5 6 7 5 7 33 165 58 2 1 1 0 1 38 58 26 7 7 7 7 4 9 
23 8 8 13 10 5 3 8 141 18 5 5 2 1 2 78 109 15 3 3 3 4 8 73 18 7 5 7 9 12 10 20 46 12 9 12 14 11 5 10 155 20 3 2 1 2 4 90 106 14 5 9 13 12 15 64 23 13 7 9 11 9 8 19 46 18 7 6 13 17 7 10 155 91 3 1 2 4 2 21 108 65 11 10 12 11 7 15 25 16 6 7 10 11 9 14 26 13 5 4 9 12 5 11 139 77 3 1 2 5 2 26 107 75 8 4 5 4 4 17 21 22 10 8 8 9 5 7 
1 2 2 20 80 20 2 1 33 11 5 23 76 19 4 9 131 28 2 3 6 2 3 32 94 18 1 1 3 2 4 27 2 1 2 21 95 27 2 1 40 17 6 32 105 23 2 6 140 42 3 4 8 2 2 31 110 20 1 2 3 2 3 28 1 1 2 24 97 26 2 0 39 5 2 21 102 33 9 17 140 29 1 1 7 5 5 42 108 29 2 2 3 2 1 17 1 1 4 18 80 27 4 1 31 7 3 17 67 24 5 10 133 32 1 1 5 3 3 30 95 24 1 1 4 1 1 20 
118 37 3 3 2 0 1 26 128 41 3 1 2 2 9 49 36 16 4 6 15 13 18 27 15 11 5 9 15 13 10 8 135 36 3 4 2 1 1 24 148 34 1 2 4 6 12 66 41 9 5 13 45 48 30 31 14 14 7 11 21 17 12 8 136 24 1 3 3 1 1 40 148 64 8 4 4 3 1 35 42 35 23 33 50 20 6 10 13 10 5 11 26 15 8 9 112 18 0 0 1 2 4 44 139 43 3 1 2 3 2 44 38 24 10 12 20 12 6 16 12 11 4 10 22 10 4 9 
25 69 45 16 7 1 2 3 24 71 60 17 5 2 2 4 35 52 22 6 2 8 5 12 19 8 7 7 5 10 8 7 16 66 71 27 9 2 2 1 33 109 119 41 6 1 1 2 131 128 46 5 1 1 2 15 38 17 8 10 9 15 10 9 11 22 32 21 14 6 6 5 102 36 34 29 18 5 4 28 146 49 7 3 2 0 0 53 47 16 14 14 9 5 2 10 9 8 6 9 12 15 8 10 93 20 4 5 12 6 7 39 135 43 6 3 2 0 1 43 32 18 14 13 8 2 1 8 
44 9 3 5 7 2 1 6 193 31 0 0 0 0 0 25 120 15 2 2 4 3 2 15 6 4 3 3 5 4 3 4 57 8 2 7 10 3 1 6 193 22 0 0 0 0 0 35 144 10 2 4 6 4 4 23 8 5 4 4 5 4 4 6 56 6 2 5 10 5 3 8 193 38 0 0 0 0 0 21 144 24 3 4 6 3 2 10 9 5 3 4 5 4 3 7 42 5 1 3 7 4 3 8 193 29 0 0 0 0 0 28 123 17 3 2 3 2 2 14 6 4 4 4 4 3 3 4 
41 9 13 24 5 1 12 50 40 5 13 17 7 3 30 66 16 4 4 6 16 33 62 45 9 2 1 2 35 47 34 24 63 21 8 8 6 8 26 53 71 20 28 28 24 12 31 56 68 38 24 12 13 23 41 45 10 5 14 24 59 56 31 13 80 86 9 0 5 6 4 15 66 55 24 10 20 44 40 24 63 44 56 55 19 13 22 39 12 19 52 91 51 11 2 2 36 74 21 1 3 1 0 3 23 78 93 28 3 3 4 3 6 20 100 90 9 1 3 8 5 15 58 75 5 0 2 7 
27 18 15 18 14 7 6 10 119 31 7 5 5 3 7 59 68 10 10 36 52 18 14 49 6 11 15 48 62 18 9 8 44 18 14 16 25 12 7 9 137 40 7 9 10 3 5 54 64 12 22 107 95 12 8 27 8 15 33 76 56 11 6 7 37 15 7 11 20 17 13 15 128 103 49 25 7 4 5 20 23 37 67 117 62 6 5 5 15 10 22 43 27 12 11 19 19 11 8 10 12 10 16 18 37 38 30 16 10 9 14 21 19 25 38 31 12 11 13 14 15 12 14 17 11 9 9 17 
1 2 11 20 5 2 1 1 1 3 27 73 14 2 1 0 9 9 25 84 27 12 17 12 66 34 22 32 12 17 28 33 4 5 35 74 13 2 2 3 26 13 44 111 40 28 16 8 119 37 22 26 12 40 65 82 55 21 7 10 26 92 91 45 58 19 28 67 20 16 18 34 75 15 7 27 33 77 101 76 116 50 18 7 16 52 75 68 23 26 28 32 31 34 16 11 50 11 4 15 19 52 60 40 78 45 18 15 18 26 32 39 16 13 11 14 26 29 26 23 5 5 6 4 4 6 12 13 
74 27 3 3 19 21 10 21 46 23 5 13 55 35 11 12 97 41 4 5 10 7 6 29 42 13 3 7 17 13 11 22 105 50 2 3 15 15 7 29 50 15 6 25 96 66 9 12 132 38 5 7 15 10 5 28 56 14 5 14 27 18 7 18 116 66 3 2 6 7 6 29 47 22 4 9 76 81 25 24 124 22 3 4 15 29 22 50 52 21 8 14 26 17 8 15 90 57 7 2 4 6 11 21 51 45 14 7 22 30 18 17 61 26 15 6 16 25 20 28 36 23 15 10 13 11 16 14 
11 4 3 6 8 5 2 4 104 20 3 7 12 6 2 13 181 29 1 1 4 3 1 32 35 5 1 14 48 15 2 8 12 4 3 6 11 7 5 6 127 24 4 12 20 8 2 9 182 39 1 2 6 3 1 26 43 5 1 20 74 22 4 8 8 4 4 7 12 7 5 5 127 10 3 10 19 11 5 24 182 24 1 3 6 2 1 41 42 7 3 23 75 20 2 5 6 3 3 8 10 6 5 4 107 13 3 7 11 6 4 21 182 31 2 2 5 1 0 31 31 7 4 17 51 13 2 5 
69 3 3 4 6 4 13 90 84 14 7 11 14 8 14 85 93 25 7 10 8 9 10 37 35 10 3 4 14 14 10 21 95 7 4 8 7 3 15 104 66 26 23 56 47 15 11 43 131 56 13 16 8 6 3 26 50 11 3 8 21 19 10 20 79 11 8 15 14 8 14 69 56 11 9 34 59 43 22 29 133 27 3 5 8 10 12 50 54 14 6 15 26 10 5 16 52 14 9 17 20 5 9 31 50 17 5 18 40 21 9 24 100 34 5 8 6 7 6 30 40 17 10 21 15 3 3 12 
11 7 8 20 18 9 13 14 13 10 21 47 34 10 11 15 61 22 17 20 18 6 8 30 44 9 4 4 11 11 11 32 10 8 22 56 34 9 9 13 24 24 50 116 67 6 2 7 131 70 32 27 8 3 5 33 58 16 6 6 14 15 14 28 6 6 26 90 54 4 2 6 60 13 21 105 79 10 5 25 138 34 6 8 7 3 4 61 59 20 11 14 13 11 7 17 4 4 14 70 54 9 4 5 73 12 9 38 41 10 9 43 127 29 5 5 3 1 5 59 37 18 13 16 10 5 5 13 
52 19 6 8 7 6 3 11 117 29 6 4 7 9 6 27 61 26 13 27 44 16 6 11 75 38 7 10 17 13 6 13 63 16 7 9 11 10 6 13 139 27 4 5 12 11 7 31 67 22 7 31 93 37 7 12 108 52 7 10 20 8 2 18 58 10 5 7 15 14 9 16 140 35 4 7 14 6 3 25 63 19 5 31 107 38 3 10 109 43 5 10 25 11 2 22 48 8 2 5 16 14 7 16 123 28 4 6 12 6 4 29 48 15 9 23 73 25 3 9 81 28 6 8 22 14 2 14 
13 11 7 29 88 32 7 5 79 35 12 12 24 6 9 31 32 19 12 6 9 12 17 26 16 11 9 5 13 13 9 14 19 7 5 44 123 41 4 4 131 29 7 15 35 9 14 59 48 12 4 6 18 39 44 42 15 14 8 6 17 24 24 17 21 5 3 43 136 38 3 5 141 55 5 10 38 9 3 30 74 32 10 12 20 22 16 16 12 7 6 7 21 26 19 14 14 3 2 28 119 35 6 9 121 35 2 5 32 13 9 43 72 31 6 3 9 11 10 22 12 7 4 6 18 15 8 11 
35 19 23 23 26 16 20 29 28 19 24 33 51 33 28 26 37 16 13 22 38 35 27 27 25 16 14 21 33 22 14 15 31 31 46 72 64 17 9 12 115 51 28 26 26 25 33 52 31 10 11 34 94 70 36 26 35 21 14 23 37 25 18 20 39 18 22 51 59 28 31 33 121 39 15 24 24 11 21 68 33 16 22 74 107 33 9 11 48 14 11 23 37 17 16 32 47 18 10 13 24 26 29 38 61 20 16 26 39 17 17 45 29 13 16 41 58 22 14 20 30 12 12 20 30 15 16 24 
28 24 17 20 45 28 7 13 67 41 14 15 28 18 14 29 34 24 12 21 58 33 14 18 39 26 9 12 28 18 11 17 29 19 15 29 91 63 10 13 122 49 12 11 28 24 14 46 35 16 13 32 94 71 19 20 51 40 18 17 30 19 11 18 22 8 5 10 86 97 23 16 115 56 21 19 32 38 17 36 34 35 34 60 90 44 11 11 42 29 15 17 30 26 20 27 17 15 8 14 54 54 12 8 30 29 17 22 55 50 14 13 44 37 23 28 37 27 12 18 31 17 14 19 27 22 14 21 
17 9 8 10 11 10 10 16 37 9 6 5 4 8 26 66 34 7 4 2 1 8 59 87 23 4 3 3 2 10 56 60 40 15 10 10 12 11 10 21 128 12 1 2 2 5 39 124 38 6 2 3 8 25 97 106 21 7 4 5 7 16 65 55 53 15 4 9 16 13 11 25 140 56 3 3 4 3 6 47 89 34 10 15 17 16 28 29 21 13 11 17 14 13 27 20 40 9 3 5 14 13 15 29 121 41 6 4 5 4 8 44 79 41 22 18 10 5 7 19 18 14 21 26 14 7 9 9 
34 21 18 14 15 4 3 8 127 46 14 6 3 0 3 35 89 30 17 12 9 8 10 27 8 14 20 18 13 18 14 9 49 19 17 17 19 9 4 9 142 46 9 4 3 2 3 52 87 30 44 33 14 9 12 28 9 25 49 30 12 12 11 9 38 19 9 7 12 12 10 15 127 121 56 6 2 2 4 15 27 82 129 49 4 2 3 4 12 45 97 37 5 3 5 5 15 10 5 7 9 7 14 17 27 41 26 7 5 7 17 22 19 47 59 12 3 7 15 11 13 41 52 12 3 5 13 9 
12 15 24 6 6 5 16 10 56 49 26 4 4 5 13 12 92 36 10 4 13 17 13 31 20 10 6 13 42 31 11 9 8 12 25 7 10 26 42 15 69 48 35 7 10 27 37 21 131 54 7 3 14 14 11 40 25 5 3 18 63 43 13 12 19 19 19 4 4 37 84 39 30 12 25 5 10 51 116 62 116 38 31 15 13 11 31 75 18 19 26 44 56 21 7 7 18 34 61 17 6 8 21 16 12 39 86 31 14 9 20 9 29 64 77 30 12 4 6 8 13 31 54 34 22 3 3 2 
14 14 12 8 13 10 8 14 47 32 20 13 12 6 6 20 110 42 10 4 3 3 5 47 72 16 2 3 5 9 13 41 16 18 16 12 17 20 17 13 58 34 31 34 27 20 11 14 144 56 13 5 2 1 2 46 94 28 7 6 7 5 7 33 15 28 29 17 15 14 9 7 58 30 21 22 29 32 18 18 139 96 17 2 2 4 6 35 67 78 38 8 8 4 3 9 11 18 16 11 15 13 6 6 20 39 25 13 15 13 8 9 57 117 37 6 5 6 4 5 32 110 65 6 2 1 1 2 
19 16 7 7 8 6 6 9 54 35 7 6 11 7 7 22 87 22 3 3 7 17 31 72 12 2 5 11 22 49 43 32 19 15 8 8 17 8 6 10 91 46 13 15 19 6 4 13 147 42 3 2 5 15 19 77 25 3 5 11 46 80 41 32 19 11 9 10 20 10 6 12 96 22 9 10 22 12 9 25 146 91 13 5 5 4 4 38 37 33 29 35 53 45 15 10 14 9 8 10 17 8 6 10 43 31 14 8 14 9 8 13 108 122 36 7 4 1 2 9 25 74 60 29 16 7 3 3 
30 15 7 15 43 13 5 10 95 37 5 7 20 12 7 27 18 7 4 19 96 43 6 8 9 9 5 17 67 25 3 3 33 13 8 23 63 19 4 8 134 32 4 6 20 17 10 46 31 3 1 20 124 79 12 15 10 6 4 22 84 36 5 4 30 7 4 17 56 27 9 13 135 42 5 8 18 9 5 30 42 14 5 36 127 56 4 5 8 4 2 20 91 46 6 4 25 9 4 13 37 19 5 10 109 38 7 6 13 8 4 27 38 16 8 26 94 39 4 6 6 3 2 16 81 40 6 4 
23 39 41 18 10 2 6 7 25 56 53 19 11 10 15 8 22 41 35 23 23 24 24 12 12 10 20 33 45 24 17 9 18 42 57 34 16 5 6 5 27 76 104 57 15 2 4 4 102 95 58 20 21 15 11 19 19 15 26 52 78 40 11 9 17 20 29 27 26 10 11 13 62 21 28 33 30 17 17 35 127 44 17 19 22 9 6 49 21 9 20 54 86 40 9 6 17 12 7 10 23 17 17 20 46 11 7 10 18 14 21 43 88 35 14 20 21 4 7 37 15 11 14 38 55 20 11 8 
88 21 3 3 4 2 2 13 167 38 0 0 0 0 1 27 102 20 2 1 1 1 2 22 25 7 2 2 4 5 5 9 109 23 5 3 5 3 1 14 168 34 1 1 1 1 1 39 115 17 4 2 2 3 7 35 34 10 3 3 5 5 5 10 111 16 3 3 6 3 1 22 168 37 1 1 2 1 1 34 118 31 5 4 3 2 2 18 34 9 3 3 5 4 4 10 98 12 1 3 5 2 2 26 166 20 0 0 1 0 0 48 103 17 2 2 2 1 2 22 26 9 3 5 5 3 3 8 
43 36 42 35 16 14 8 19 53 44 39 21 14 16 21 38 15 27 34 23 22 23 19 18 14 19 12 9 9 8 8 17 46 33 25 22 23 42 28 20 53 70 100 78 36 21 9 13 111 82 79 37 14 9 15 43 28 16 19 27 20 26 31 37 7 10 7 7 21 54 36 11 24 11 18 27 50 101 56 21 118 75 49 24 9 25 31 52 42 52 83 62 17 16 14 16 7 8 3 3 9 28 20 10 7 7 7 6 18 65 37 14 12 22 21 15 20 62 38 16 37 35 34 20 10 24 30 23 
12 17 45 39 16 13 10 12 10 18 49 44 16 15 21 16 18 29 46 21 6 12 35 23 20 26 24 10 10 22 28 18 27 25 49 58 33 27 7 9 111 35 28 22 11 18 53 84 27 18 17 21 36 71 85 46 27 28 21 11 14 28 33 30 32 10 11 23 34 64 46 25 116 72 39 18 11 25 34 46 31 44 75 69 46 36 15 12 31 29 35 20 14 21 18 27 24 15 10 7 19 39 38 26 22 16 15 13 23 44 49 31 19 20 27 20 20 38 37 19 23 26 29 16 9 16 25 22 
26 10 14 24 20 7 9 17 49 21 18 13 13 9 17 38 33 19 14 23 25 21 20 27 79 24 10 13 10 6 10 43 39 16 13 31 31 6 6 15 119 27 7 8 11 15 26 67 40 11 8 30 72 65 36 33 106 18 5 8 16 9 8 67 40 8 5 21 24 18 17 24 117 59 25 19 12 8 9 32 56 23 34 67 69 22 13 36 107 11 2 9 9 4 14 90 26 8 4 12 14 18 22 27 53 20 9 17 24 13 18 44 68 13 10 22 18 9 19 59 96 12 3 12 4 2 12 76 
31 73 65 13 2 1 4 2 56 80 42 14 14 9 5 8 14 15 17 23 36 27 10 5 7 9 23 21 22 16 8 5 50 62 52 17 9 8 13 14 130 89 23 5 5 7 7 31 49 11 15 35 58 41 19 12 10 9 27 22 29 31 21 8 29 7 7 3 4 25 103 70 130 37 19 10 4 7 40 93 40 18 38 53 41 19 12 12 16 11 21 21 18 20 24 14 5 8 15 6 6 18 87 45 13 11 23 16 17 21 51 47 12 10 23 26 16 15 30 19 6 10 20 14 10 11 25 12 
20 19 13 12 14 9 9 14 32 15 10 6 7 16 32 35 14 11 10 6 12 33 35 18 17 17 8 5 7 14 11 11 43 24 22 18 23 14 9 16 129 24 8 3 5 23 50 90 20 5 4 5 50 120 75 31 18 20 8 6 17 46 29 16 44 14 9 9 26 30 22 25 137 56 5 2 7 11 12 46 64 23 6 10 72 108 30 16 10 8 4 6 41 81 38 13 29 11 5 6 17 26 21 27 116 50 5 1 6 10 14 43 74 42 12 9 38 41 15 17 7 8 8 12 49 63 18 6 
75 17 6 10 21 8 8 30 35 11 7 25 73 24 11 19 89 22 6 11 27 14 7 33 26 9 6 19 56 23 7 14 103 20 4 12 28 7 5 36 50 15 8 43 114 22 4 13 127 35 7 14 33 11 4 26 33 9 6 22 83 35 8 14 106 21 3 10 32 9 5 34 52 9 2 28 121 38 6 15 128 27 3 10 34 13 5 33 33 13 8 28 82 28 5 12 74 17 4 14 25 7 6 24 38 11 6 31 84 23 7 13 99 30 6 10 27 9 7 28 28 13 9 23 60 17 6 11 
13 9 13 20 17 27 19 15 61 34 16 15 13 12 13 26 113 43 6 3 5 3 9 63 38 13 4 7 18 15 20 41 13 4 4 7 23 55 60 29 67 22 6 10 33 69 49 25 132 54 4 5 8 7 8 47 53 23 10 22 28 13 9 22 19 10 4 2 11 56 62 36 19 3 2 2 21 108 99 42 116 21 4 3 6 21 56 95 41 25 11 15 19 16 20 21 22 19 11 4 10 23 38 23 14 10 16 10 12 35 57 27 26 15 14 13 9 16 43 46 18 20 12 16 17 11 22 18 
21 5 1 24 103 14 1 3 149 21 1 7 22 2 0 26 109 17 1 2 3 2 3 23 21 10 2 3 11 3 4 7 28 5 3 33 127 19 1 3 153 20 2 8 24 3 1 34 120 13 2 4 9 5 4 27 27 12 3 5 11 3 2 9 28 3 2 27 126 22 1 5 154 33 1 5 22 5 1 20 122 26 5 5 9 3 1 12 25 8 4 6 11 4 2 8 22 2 2 20 97 18 1 7 152 22 0 2 15 5 1 31 103 19 3 2 5 2 1 16 19 7 3 4 8 3 2 7 
25 8 6 20 35 13 7 12 28 10 8 32 69 18 5 8 106 23 4 10 27 11 4 29 24 3 3 37 100 20 2 8 31 11 5 22 44 13 6 13 41 15 9 51 112 20 2 5 131 36 5 18 40 9 2 22 25 3 3 58 124 25 1 6 22 13 9 30 43 11 3 7 40 7 5 36 102 33 8 15 131 28 7 30 40 9 5 35 22 6 5 66 120 19 1 5 16 8 6 27 36 9 2 5 28 11 7 28 54 17 5 13 72 35 15 38 33 6 4 18 17 7 7 52 88 15 3 7 
56 13 4 5 9 4 2 10 190 38 1 1 1 0 1 38 80 17 6 12 22 10 7 20 5 6 5 11 17 15 7 3 73 13 5 8 11 7 3 11 191 29 1 1 2 2 2 57 93 10 4 15 44 27 10 30 6 11 7 14 22 13 4 3 74 10 4 9 12 6 4 13 191 55 3 2 2 1 1 29 93 29 12 25 44 20 5 8 4 7 7 13 24 16 7 5 61 7 3 5 9 4 3 13 190 35 1 0 1 1 1 40 74 21 8 10 20 14 5 15 4 5 6 11 18 14 6 5 
11 4 9 93 84 5 2 6 88 25 14 47 36 3 3 35 65 16 11 26 24 8 5 38 13 12 20 41 30 6 3 8 18 5 6 95 110 10 3 4 125 25 7 26 26 4 4 55 55 11 14 57 74 14 5 30 20 10 23 52 32 7 3 12 25 7 6 79 102 14 5 12 122 64 21 25 19 4 3 25 35 29 42 76 52 6 2 8 27 8 15 37 23 6 6 20 25 8 7 47 63 9 3 16 64 42 17 25 22 5 4 26 32 21 24 42 19 4 5 18 22 9 15 22 16 4 5 16 
21 10 10 19 31 21 16 20 32 17 20 34 33 19 17 25 29 22 24 37 41 17 16 28 21 12 14 19 33 26 24 26 45 21 14 25 32 16 11 28 28 23 35 93 93 22 8 12 118 46 25 28 24 16 25 59 27 9 11 31 69 53 35 30 30 28 28 38 41 15 10 18 37 16 20 65 91 42 29 27 119 58 31 29 20 13 22 54 25 26 43 74 72 22 7 8 16 19 22 34 39 20 9 9 40 27 26 33 33 21 18 26 32 36 42 42 32 15 15 22 25 23 36 43 31 11 11 14 
4 4 15 27 22 8 5 4 51 16 12 18 13 7 9 19 137 26 2 2 6 4 8 69 46 6 3 33 60 17 11 27 9 7 13 23 26 10 4 5 86 24 15 24 19 6 5 12 147 45 6 10 9 3 5 41 42 9 11 92 99 10 4 10 7 5 11 21 26 11 7 7 87 11 7 16 18 9 12 38 145 51 18 34 12 1 2 41 19 12 22 118 91 5 1 3 7 4 9 15 20 9 10 10 64 19 7 10 10 4 10 30 92 50 29 38 15 3 3 20 8 9 25 70 48 7 4 6 
5 3 2 16 82 58 10 3 50 28 7 15 81 48 8 11 111 46 6 5 10 6 9 35 33 15 5 10 24 14 13 15 4 3 3 13 90 63 10 4 48 18 5 18 121 88 8 8 135 48 5 5 16 11 10 40 45 13 6 12 35 26 18 17 5 5 5 12 56 45 12 5 21 2 1 6 91 114 43 25 129 27 4 3 14 28 33 78 42 20 13 13 30 22 10 14 5 7 7 14 28 21 9 8 10 5 5 12 44 49 25 17 51 19 9 5 14 23 23 41 28 19 12 9 16 14 11 15 
10 8 11 15 11 8 4 4 101 27 8 5 11 6 3 15 143 35 1 0 3 1 5 42 36 11 4 6 15 4 9 21 10 5 7 9 11 16 22 14 108 26 5 5 13 14 26 30 151 51 1 1 4 1 5 42 49 12 5 12 21 7 9 14 9 2 3 3 7 21 81 54 39 3 1 1 5 19 111 117 142 18 3 2 4 3 36 124 42 13 12 13 22 7 7 13 11 3 7 3 4 12 55 59 29 12 7 4 5 12 49 75 58 22 7 5 6 7 17 48 24 12 9 11 17 7 5 8 
6 6 7 9 9 5 5 7 47 10 6 6 6 6 9 32 153 7 1 0 0 1 11 128 60 5 2 4 8 9 22 65 8 7 8 8 11 5 5 8 104 31 12 10 11 6 4 17 170 38 2 1 1 1 3 76 62 10 4 10 16 13 13 35 8 6 7 7 12 6 4 7 116 15 6 8 14 9 6 25 170 51 2 1 1 0 1 40 65 25 9 11 14 8 4 12 6 5 6 6 10 6 5 6 87 17 5 5 9 5 5 23 167 63 2 1 1 0 1 34 56 33 8 7 8 5 3 10 
36 33 22 18 9 2 2 8 108 67 19 8 3 1 6 29 43 31 27 48 31 8 14 21 6 16 35 68 34 8 7 5 49 21 15 21 18 9 7 12 136 43 10 9 9 2 3 42 49 17 26 99 90 10 3 14 8 21 49 83 39 8 7 6 50 8 5 12 15 12 16 22 137 43 9 14 12 3 4 34 30 17 15 81 107 24 8 7 14 11 18 46 45 17 20 17 44 10 4 7 11 5 6 22 94 32 9 10 10 3 4 31 16 14 13 38 63 22 9 10 7 6 13 31 42 13 10 9 
15 9 9 21 8 7 21 25 20 14 19 17 4 7 33 41 52 16 13 14 4 5 43 80 30 6 6 8 10 13 58 86 18 11 22 31 7 9 18 28 40 30 57 61 11 7 22 28 127 67 25 14 2 1 17 81 59 22 24 28 23 12 33 67 13 11 20 38 15 13 22 28 37 7 16 36 16 18 60 87 121 51 29 15 3 6 26 86 35 43 74 63 15 3 3 6 19 6 9 20 9 9 25 46 32 12 19 22 4 6 25 75 25 23 34 45 12 11 18 42 10 21 50 38 12 13 15 12 
8 7 10 12 25 41 20 15 20 16 15 11 26 32 28 27 46 9 8 3 10 31 47 73 15 6 5 8 33 58 40 31 18 10 3 7 27 56 39 29 46 17 8 12 71 77 26 19 129 35 4 5 18 29 27 71 23 5 4 20 82 85 28 23 24 19 7 8 24 35 23 21 29 8 5 11 75 88 29 17 125 60 13 7 21 27 15 37 28 28 20 34 85 54 6 6 13 22 17 10 17 18 10 6 11 19 18 11 45 39 13 5 49 45 18 7 22 28 14 13 20 34 22 16 43 21 8 6 
21 18 19 21 14 16 22 19 29 31 25 41 32 23 15 13 79 60 18 14 9 3 4 20 36 23 7 5 3 3 11 24 33 25 20 27 20 19 23 23 28 32 34 82 88 39 11 8 133 68 18 18 12 5 4 30 68 17 3 2 4 8 12 31 38 18 13 17 27 15 14 25 37 11 12 44 107 73 20 16 135 53 5 7 19 18 9 37 78 30 6 3 6 10 8 21 21 18 15 22 22 10 10 16 21 14 25 58 76 32 9 11 118 72 14 12 20 9 4 18 75 53 9 3 5 3 2 14 
29 14 6 8 7 5 5 7 143 33 4 2 3 1 2 37 82 19 6 8 20 8 6 29 7 4 4 17 92 23 4 5 40 16 12 21 14 4 2 5 153 32 5 4 1 1 1 42 99 14 4 11 29 11 6 30 7 4 4 28 109 21 3 4 48 11 4 17 19 6 4 13 154 38 3 2 2 1 2 28 98 22 10 17 30 10 3 13 10 3 3 38 121 17 2 5 46 5 2 6 15 6 6 21 147 29 2 2 3 1 2 36 80 22 7 16 20 5 2 13 9 2 2 36 102 20 3 4 
14 8 4 9 33 19 6 7 34 7 3 26 111 28 3 6 143 20 1 6 19 3 2 40 50 10 2 2 11 7 5 22 18 11 3 11 43 18 7 9 47 11 4 42 141 30 2 4 154 34 2 9 22 4 2 32 62 10 2 5 17 13 6 17 19 11 6 15 43 17 5 7 47 5 3 29 143 44 3 11 154 32 1 3 22 9 2 34 64 17 5 7 17 8 2 10 16 6 4 14 42 16 5 6 34 6 3 30 117 27 3 10 146 36 2 3 16 6 2 30 51 22 5 5 11 5 2 8 
