33 25 25 27 51 26 9 17 44 39 26 27 48 24 15 19 62 45 23 15 28 23 16 26 38 30 17 18 36 21 13 15 27 19 22 44 104 53 10 12 112 47 18 15 27 26 26 47 42 25 21 30 65 59 29 25 62 45 20 17 25 19 14 21 23 13 15 23 86 77 25 18 110 43 21 18 30 36 24 46 42 34 35 48 77 45 14 16 70 33 10 12 25 24 21 34 32 21 10 14 45 40 17 21 32 25 17 24 64 46 16 22 62 38 19 21 31 21 16 28 41 22 11 19 34 21 16 21 
42 9 3 6 10 3 1 5 189 30 0 0 0 0 0 24 124 16 2 2 4 2 1 15 8 5 3 4 5 4 3 4 56 8 2 7 15 5 1 6 189 20 0 0 1 0 0 37 145 10 2 3 5 3 3 25 11 6 4 4 4 4 4 7 54 6 2 5 13 6 3 8 189 41 0 0 1 1 0 19 147 27 3 3 5 3 2 10 12 6 3 3 5 4 3 8 38 5 1 3 9 5 3 7 189 33 0 0 0 0 0 21 132 20 2 2 3 2 2 13 9 5 3 4 5 3 3 5 
38 10 11 20 25 9 8 19 40 12 15 29 53 16 7 20 89 26 10 16 29 7 5 31 28 6 2 45 94 16 4 11 52 17 8 16 26 10 12 27 44 17 13 49 90 22 8 12 122 37 9 23 33 8 6 23 26 6 4 74 111 20 6 8 41 24 12 17 25 10 9 22 36 10 8 33 85 37 21 26 116 25 19 55 38 8 11 40 23 8 18 107 98 5 1 7 29 16 9 14 23 13 11 16 34 13 13 31 48 18 13 24 27 13 33 79 53 9 10 18 23 5 19 77 52 6 4 15 
60 13 3 4 4 2 2 10 196 35 1 0 0 0 0 35 94 15 5 8 12 6 4 18 5 5 4 8 10 8 4 4 75 16 5 6 7 3 3 10 196 32 1 1 1 1 1 43 110 9 4 10 23 15 8 27 6 7 5 8 11 8 4 5 77 10 4 7 8 3 3 14 196 41 1 1 1 0 0 33 109 25 9 15 22 11 3 9 5 6 6 8 12 9 5 5 69 8 3 5 6 3 3 18 196 26 0 0 0 0 0 50 79 16 5 6 12 8 4 16 4 5 4 7 10 7 4 5 
7 4 6 10 11 6 6 6 54 13 5 8 12 7 7 18 159 26 1 0 1 0 1 43 131 15 0 0 3 1 1 29 8 5 8 10 12 7 7 8 67 26 14 18 23 9 5 12 163 47 3 1 1 1 1 31 146 19 1 1 4 1 1 30 9 6 5 9 12 9 8 8 68 10 4 10 24 19 15 30 163 26 0 1 2 2 3 54 146 25 1 1 3 1 1 23 8 6 5 8 11 8 6 4 59 17 5 8 11 7 6 18 163 35 1 0 1 0 1 36 127 23 1 1 3 1 1 22 
48 17 8 5 6 3 2 9 146 32 3 3 14 5 2 29 37 7 3 32 108 22 3 9 13 7 6 23 45 12 3 5 61 15 7 9 10 6 3 10 154 28 2 3 19 8 3 37 47 5 2 36 143 37 4 11 19 10 7 20 52 13 5 9 62 10 3 6 12 6 4 13 154 37 3 9 20 3 1 25 45 13 4 46 144 27 3 4 22 11 5 14 49 14 7 10 53 10 2 3 9 6 4 15 150 27 2 6 14 3 2 32 32 9 3 29 115 25 5 6 15 8 3 9 41 13 8 6 
10 6 12 34 19 14 12 9 17 11 14 45 37 18 13 17 68 24 13 23 17 7 13 45 35 6 8 23 29 16 23 35 21 14 19 46 26 8 6 17 31 21 36 101 66 11 6 11 122 50 24 28 15 4 13 56 37 11 19 68 63 23 22 27 13 17 30 61 34 8 5 10 49 14 20 83 71 17 15 29 125 62 35 44 13 3 8 42 19 18 52 108 53 3 1 3 10 11 23 56 28 10 7 8 35 21 24 42 26 9 12 32 39 44 44 54 21 6 9 23 11 15 37 63 27 8 7 8 
7 7 10 17 14 13 18 14 9 10 24 43 27 13 17 12 42 19 18 21 20 10 13 33 31 7 6 5 10 12 15 38 6 9 31 60 30 10 10 10 22 25 63 115 54 7 3 5 130 68 36 25 7 4 8 42 45 11 5 6 17 22 22 35 4 7 33 97 51 4 2 4 65 14 26 103 66 7 6 27 138 35 6 7 6 2 4 61 54 18 10 15 17 13 9 18 5 4 15 70 51 12 5 6 81 12 8 33 30 10 11 49 126 23 3 3 3 2 7 66 33 13 11 17 12 5 6 14 
20 12 8 27 52 12 5 9 91 32 7 9 20 9 7 27 23 7 3 21 92 39 6 10 4 3 4 24 74 25 2 1 28 12 10 40 76 14 2 5 134 32 6 10 21 11 8 47 35 4 1 28 122 60 11 18 4 2 3 35 98 30 3 1 32 7 6 29 71 21 5 10 135 50 9 14 20 6 3 27 34 17 14 63 125 26 1 3 5 3 4 37 98 27 3 2 28 10 7 20 43 14 3 10 103 43 10 11 17 7 3 24 25 16 15 45 90 21 2 4 10 5 6 27 77 22 4 4 
33 13 6 7 10 5 4 8 153 32 2 1 3 1 2 37 82 18 6 10 23 10 6 26 5 3 4 19 83 26 5 4 45 14 10 18 17 8 2 6 159 29 3 3 2 1 2 42 96 10 4 14 34 16 7 28 6 4 5 31 101 23 3 4 51 9 4 15 20 9 5 14 159 37 2 2 2 2 3 32 96 21 9 19 39 13 4 12 8 3 2 36 113 20 3 4 48 7 3 6 14 6 6 21 153 30 2 2 3 1 2 41 74 21 7 19 23 8 3 14 8 2 2 36 93 19 3 4 
1 2 9 23 11 5 2 1 1 3 25 74 21 3 1 1 10 9 25 81 28 12 20 13 64 33 21 32 12 17 31 34 4 5 35 76 19 5 2 3 27 14 40 111 47 29 16 8 119 37 20 24 12 40 66 82 55 20 7 10 26 92 91 46 55 18 26 65 25 18 19 32 72 15 6 26 33 77 104 74 114 48 18 8 16 51 74 66 23 26 27 32 31 33 14 10 47 11 4 15 24 52 57 37 74 45 18 15 18 26 32 36 15 13 12 14 25 30 24 20 6 5 6 5 4 6 11 13 
10 7 13 14 13 12 7 5 94 30 11 7 9 4 4 16 132 36 2 0 6 5 9 41 29 8 3 7 26 14 14 17 7 4 7 7 17 34 44 13 105 25 7 3 10 23 43 30 145 45 1 3 8 4 7 46 39 10 4 15 36 16 9 15 6 5 6 1 7 43 106 39 29 5 6 1 4 40 131 84 130 22 8 5 6 6 47 107 31 16 13 17 26 13 12 13 6 11 21 7 5 16 47 25 18 20 28 10 6 13 48 34 45 35 22 9 6 8 21 28 21 20 15 14 16 9 8 6 
33 14 11 30 36 8 9 18 72 24 12 18 19 10 14 42 41 12 10 40 50 23 17 27 47 16 14 36 36 13 11 24 39 18 20 49 53 10 5 14 125 37 12 18 22 11 11 55 42 12 13 71 110 40 13 24 87 22 11 28 34 12 10 48 33 9 7 25 45 24 22 27 120 53 23 30 21 8 11 39 47 22 26 94 101 22 7 16 106 19 5 15 27 11 9 60 27 11 6 11 24 20 19 23 44 23 16 23 34 13 11 23 49 15 15 36 42 17 13 29 79 19 10 13 18 7 11 43 
17 15 11 14 15 7 7 9 101 75 12 6 5 4 3 11 139 98 5 1 0 1 1 11 37 25 8 7 6 8 6 8 15 11 10 14 18 7 5 10 83 72 21 19 21 8 3 10 155 108 7 1 1 1 1 24 72 26 6 3 7 11 10 15 14 6 8 14 18 7 5 8 98 17 6 14 21 15 12 37 155 47 2 0 1 2 4 68 73 29 9 6 9 11 7 15 11 7 7 9 13 6 5 6 75 26 6 5 10 6 6 21 150 81 3 1 1 1 1 25 61 42 12 7 8 6 3 7 
4 3 5 5 6 3 3 4 88 14 4 4 7 4 4 16 196 24 0 0 0 0 0 49 64 9 2 4 8 6 4 18 5 4 5 5 8 5 4 5 121 22 6 9 13 5 3 10 196 33 1 0 0 0 0 35 75 9 2 6 12 8 5 17 5 3 3 5 9 5 5 5 121 9 2 7 14 8 6 22 196 34 0 0 1 0 0 33 76 17 4 7 13 6 3 10 4 2 2 5 8 4 3 4 88 14 2 5 8 4 4 13 195 49 0 0 0 0 0 20 67 17 3 3 8 4 2 9 
39 22 6 7 15 8 5 13 74 23 5 3 9 17 22 37 18 12 9 9 37 43 24 15 21 24 9 6 14 19 9 9 56 20 8 8 21 12 7 16 136 23 2 1 9 25 27 66 25 6 3 7 79 114 38 21 23 28 11 8 25 41 15 9 51 13 7 6 20 17 14 25 140 41 3 1 8 10 7 37 66 12 2 4 90 120 20 13 14 14 3 3 50 83 23 7 36 13 3 5 16 11 9 23 131 44 4 1 3 3 4 32 85 27 5 5 57 61 8 12 6 5 3 7 66 75 12 3 
5 4 10 24 20 6 4 4 54 16 10 17 12 5 7 18 146 26 3 2 4 3 8 72 48 5 3 33 65 17 10 26 8 7 10 21 24 6 3 4 86 28 13 27 25 5 3 9 155 50 6 8 10 3 2 41 43 9 9 82 109 13 4 11 5 6 9 16 22 8 7 6 91 10 5 14 25 11 11 32 156 49 11 22 12 1 2 45 26 12 12 102 104 7 2 4 5 5 7 10 18 9 9 7 69 14 5 8 11 5 8 27 125 50 14 20 12 1 2 25 14 9 14 57 62 10 5 6 
14 13 8 7 12 13 15 13 25 19 7 8 18 16 24 26 33 11 6 6 13 33 66 59 11 6 7 7 11 48 78 38 17 16 10 10 16 20 14 12 65 35 17 22 28 11 10 20 128 32 4 6 6 17 51 102 27 7 5 14 34 76 81 47 23 13 8 12 18 20 12 12 67 20 7 15 31 24 19 29 133 100 27 9 5 4 7 37 32 55 54 46 43 36 12 8 18 10 4 7 21 20 8 11 24 23 13 14 28 19 6 13 49 90 49 18 10 7 3 7 18 69 70 28 11 6 1 4 
21 5 4 16 42 16 9 17 30 14 12 25 53 19 11 15 71 22 10 13 33 28 12 28 10 8 9 18 86 45 7 7 30 9 8 23 49 19 9 18 38 19 17 51 103 20 4 7 129 38 10 12 36 23 9 30 19 5 4 17 120 69 8 8 22 12 11 28 50 16 6 12 40 9 8 33 99 35 11 18 134 35 5 9 32 14 8 41 24 9 6 26 124 53 4 5 15 8 8 26 45 12 3 6 37 13 8 23 56 20 6 16 94 42 9 13 23 9 4 23 22 13 7 26 94 26 4 4 
20 77 75 15 7 7 9 4 40 80 43 15 17 12 10 8 14 19 16 21 28 21 17 9 8 10 19 21 18 16 18 9 39 71 67 21 17 14 16 12 127 97 29 7 7 7 8 30 48 16 16 37 51 37 19 14 13 19 34 22 23 23 22 9 28 11 7 5 10 41 103 55 128 44 22 11 6 10 43 80 37 22 46 55 44 15 11 10 19 19 30 22 18 13 21 13 8 11 17 11 12 24 71 31 17 17 26 21 19 21 47 42 13 12 28 27 20 14 30 20 8 13 20 11 12 10 29 13 
17 10 10 20 17 12 9 11 26 13 5 11 18 27 28 26 12 7 6 5 16 27 36 20 9 15 12 8 8 16 14 10 39 23 24 36 15 11 9 18 114 24 8 6 8 23 51 87 17 2 2 8 70 99 66 35 10 6 4 7 29 38 27 21 39 12 8 11 10 24 61 52 125 38 8 8 10 10 38 82 39 18 14 30 81 78 26 21 16 7 4 10 34 55 45 28 25 5 1 0 2 26 82 78 39 6 4 6 14 27 83 79 17 9 11 15 41 50 51 30 10 3 13 22 26 36 41 31 
6 3 2 19 82 57 10 4 49 26 6 16 82 49 9 13 108 41 4 5 11 8 12 38 31 14 3 9 24 17 16 15 5 3 3 14 88 63 11 5 48 17 4 18 119 88 8 8 134 46 4 5 17 13 12 40 42 12 6 13 37 30 20 17 6 5 5 13 57 45 13 5 21 2 1 7 89 111 41 25 128 26 4 3 14 28 32 77 40 19 13 14 34 25 11 14 5 5 5 15 32 21 10 7 12 6 5 13 44 47 26 18 50 19 9 5 14 23 25 42 27 19 12 9 19 17 12 14 
56 21 4 7 12 4 3 8 134 35 5 2 2 2 1 21 95 31 10 14 14 4 2 16 86 31 8 6 10 5 1 17 72 15 4 8 15 7 3 10 143 25 2 2 5 4 3 30 102 25 10 19 33 13 4 18 120 38 6 6 11 3 0 18 74 10 5 8 16 7 5 15 143 34 4 5 6 3 1 22 97 29 9 22 41 13 2 13 124 32 3 5 9 4 1 24 63 8 3 5 13 5 6 14 131 25 2 5 6 2 1 22 82 21 7 13 25 8 2 16 99 29 5 7 8 2 0 15 
118 29 4 4 5 1 0 15 160 45 1 1 1 1 2 31 55 16 3 4 9 9 11 21 11 7 4 6 7 11 10 8 133 26 2 5 6 3 1 19 163 34 1 1 3 2 4 54 69 12 5 10 24 26 20 36 13 7 6 8 11 12 10 10 133 18 2 4 7 3 1 29 162 59 4 2 3 2 1 31 69 38 18 23 24 10 4 12 14 9 7 7 12 8 6 8 112 16 0 2 6 3 2 26 158 39 2 0 1 1 1 35 65 23 9 8 9 5 4 16 14 8 8 8 8 5 4 8 
42 32 13 10 9 6 10 15 102 43 8 7 14 13 17 49 20 7 6 31 92 53 19 17 14 14 10 22 48 26 7 6 55 26 17 14 19 15 11 14 135 51 11 9 18 15 10 57 38 9 8 59 130 69 14 18 13 13 12 28 59 34 13 9 39 20 12 12 16 21 18 18 128 100 54 30 10 5 6 23 20 33 64 110 93 18 3 4 12 14 23 31 33 19 9 13 16 15 12 12 15 13 14 14 32 45 33 22 11 8 9 14 12 24 40 47 27 10 7 7 14 17 18 23 14 8 4 9 
59 22 12 13 17 3 2 7 161 45 4 1 1 0 0 28 92 22 1 2 11 7 3 21 11 9 4 5 13 8 4 7 69 19 7 11 20 14 11 12 162 37 1 0 1 1 2 43 112 14 7 7 17 10 4 26 13 14 13 13 11 8 5 7 42 5 5 7 14 37 60 52 162 35 2 0 0 3 21 95 89 30 16 13 16 5 4 12 14 13 12 12 11 6 6 7 9 1 0 2 5 33 104 83 79 8 4 2 2 6 53 113 38 17 12 10 8 7 14 20 10 8 9 13 7 4 8 7 
18 4 3 28 111 21 1 4 136 24 3 9 28 3 1 28 79 12 3 2 7 6 7 23 17 6 4 3 14 6 6 8 26 5 3 39 136 25 1 3 150 22 3 10 33 4 3 42 91 10 2 5 15 16 13 30 18 9 5 6 17 10 7 11 26 3 1 35 138 25 2 5 152 40 2 6 30 6 1 23 98 27 7 10 17 9 4 11 15 7 5 8 17 10 5 10 19 2 1 25 113 22 2 8 143 26 1 3 20 7 3 36 85 23 5 3 9 6 4 17 13 7 5 6 14 7 4 8 
5 6 38 85 18 3 3 9 23 13 40 79 20 5 5 30 45 17 24 25 6 3 14 76 15 9 11 13 9 9 19 35 16 13 52 107 24 2 1 1 126 29 30 41 5 2 9 81 48 13 19 18 14 16 35 88 8 13 27 18 9 8 21 29 38 11 19 77 35 15 21 20 127 75 24 12 2 2 15 39 43 45 72 42 9 5 8 17 25 26 35 24 7 5 14 32 22 6 5 17 21 22 54 62 67 22 7 9 5 14 53 83 33 19 19 14 7 20 37 41 23 21 13 7 4 9 24 31 
23 8 8 10 11 6 4 8 140 16 4 4 2 1 4 82 98 13 3 3 5 6 13 76 15 7 5 8 11 14 14 24 45 14 10 12 15 11 4 9 159 19 3 2 2 2 4 94 100 11 5 12 19 15 17 64 20 12 9 11 14 11 9 17 48 18 7 6 15 16 5 8 158 89 3 1 2 3 2 18 104 57 11 13 19 13 8 13 21 13 7 11 14 13 10 12 26 12 4 4 10 13 5 7 147 81 3 1 2 4 2 16 106 73 10 6 7 5 3 13 16 17 11 12 11 11 5 6 
7 6 5 7 17 7 4 6 52 14 5 7 10 4 4 21 153 15 1 0 1 1 2 85 79 9 1 4 7 8 7 44 9 11 8 12 19 10 5 7 90 25 11 13 17 9 4 12 161 30 2 0 1 0 1 61 80 13 4 7 13 8 6 31 7 15 13 12 17 10 3 4 92 27 10 9 14 13 8 18 158 90 9 1 0 1 2 31 63 52 27 14 11 7 4 9 6 11 12 10 15 10 3 4 40 40 16 9 8 6 5 9 115 133 28 6 1 1 2 8 40 89 54 15 3 2 2 3 
17 9 4 8 31 20 10 12 34 9 4 24 104 29 4 9 138 23 2 5 17 3 2 37 50 11 2 2 10 7 6 22 21 12 3 9 39 21 10 14 44 11 5 42 139 36 3 5 151 36 3 9 21 4 2 32 63 12 3 5 15 13 7 18 24 12 6 12 41 19 7 9 44 5 3 30 143 50 4 11 151 33 1 4 22 10 2 33 66 19 5 7 15 9 3 11 19 8 4 13 40 16 5 7 32 6 3 34 118 29 3 10 141 36 2 5 17 6 3 32 53 24 6 6 10 4 2 10 
8 9 10 10 10 10 12 12 20 12 10 6 6 14 32 37 12 10 7 2 1 12 70 47 13 5 6 2 1 14 64 41 26 16 16 15 17 12 14 14 119 17 5 3 3 7 55 114 25 2 1 1 4 40 127 90 10 4 2 2 3 28 108 60 45 14 5 10 27 18 12 14 141 49 1 2 6 4 7 44 96 27 5 6 9 26 47 33 17 10 9 14 12 20 51 25 34 8 2 6 23 18 18 19 131 39 3 2 6 7 11 40 89 36 16 13 9 5 10 23 14 12 19 28 17 7 11 10 
47 24 40 35 15 14 7 27 58 34 34 26 12 10 20 50 14 26 35 26 17 15 19 23 9 19 15 8 7 6 12 18 57 23 18 19 18 40 29 32 58 57 87 85 49 23 8 18 114 77 74 42 15 8 16 51 29 18 25 35 29 27 31 36 12 8 6 7 20 49 35 11 23 9 17 31 56 102 55 17 116 75 53 27 10 26 31 46 40 45 84 72 24 11 11 16 8 4 2 2 8 26 23 12 3 3 3 3 15 68 44 12 9 12 14 10 16 62 48 16 32 22 23 16 8 27 39 26 
18 18 17 21 31 13 10 10 31 24 20 15 23 25 19 23 28 27 16 21 31 34 15 16 73 36 13 8 12 9 5 42 26 24 15 38 35 16 9 8 112 29 8 8 12 27 34 64 35 8 4 11 56 101 49 35 88 18 5 6 14 18 23 71 35 12 8 23 37 30 14 16 125 44 15 13 13 12 10 34 54 17 20 42 59 50 25 42 66 6 8 10 7 15 37 99 26 11 7 15 21 18 16 21 82 25 9 9 16 12 13 48 68 12 8 18 15 14 30 76 56 9 4 19 2 15 38 72 
10 7 7 14 10 7 7 11 36 11 7 8 8 8 13 42 78 5 2 2 2 3 35 137 29 2 1 2 2 8 61 113 16 8 7 9 12 9 9 14 93 31 12 12 12 10 7 29 149 36 5 2 1 1 12 107 50 9 6 11 13 11 28 65 13 6 8 6 10 9 8 13 101 21 7 9 17 15 12 26 152 55 6 2 1 1 4 44 66 26 14 13 17 7 7 20 13 5 7 8 10 6 6 12 76 15 5 9 12 8 6 30 144 56 5 2 1 1 2 33 58 34 11 8 8 5 4 15 
74 29 5 5 7 2 3 24 89 18 3 3 7 10 15 57 15 3 5 15 57 49 19 19 6 6 4 18 54 29 8 6 100 38 9 4 4 3 3 22 133 28 3 2 9 15 19 80 22 3 3 26 120 79 23 24 9 6 6 25 74 31 8 7 105 26 4 3 4 3 6 35 132 76 18 17 9 2 2 30 21 22 24 83 115 23 3 4 12 4 4 28 71 30 10 11 84 22 3 2 3 2 4 34 96 47 12 11 10 3 3 26 15 14 16 43 55 14 4 7 14 5 5 20 46 19 6 12 
19 13 59 49 10 3 17 24 17 28 76 53 18 12 11 14 9 9 41 50 43 23 9 5 21 11 23 21 17 13 5 11 23 29 93 91 37 5 5 7 123 65 58 33 14 12 18 30 36 9 11 26 77 59 27 14 31 16 12 17 26 20 12 14 49 17 25 51 45 15 17 27 134 37 8 14 15 5 10 55 47 12 10 50 88 33 6 8 30 11 10 25 33 18 8 10 48 8 3 13 21 16 23 43 94 17 7 16 18 6 11 57 31 9 8 34 65 20 5 11 20 6 6 21 35 15 6 12 
11 7 4 6 7 5 6 6 89 16 3 5 8 5 4 15 163 21 1 2 15 3 1 29 26 2 0 17 119 19 1 5 17 6 4 5 8 8 9 9 102 21 6 10 13 9 5 12 163 34 1 3 18 4 0 19 34 3 0 17 140 28 1 5 15 9 4 5 8 8 7 8 97 9 3 7 13 12 9 24 163 20 1 3 16 3 1 34 35 4 1 19 137 26 1 3 11 6 3 5 8 7 5 9 81 14 3 5 8 6 5 19 158 28 1 3 11 2 1 24 28 5 1 16 106 18 1 3 
9 5 4 4 5 3 2 4 122 18 3 3 4 2 2 16 183 27 0 0 1 1 1 34 38 6 2 6 13 7 4 11 12 6 5 4 6 4 3 6 143 30 6 6 7 3 2 9 184 45 1 1 1 1 0 23 50 7 2 9 21 10 4 10 11 6 5 4 7 4 3 5 146 11 3 4 7 4 3 30 184 23 1 1 1 0 0 48 48 10 5 10 19 8 3 8 8 4 3 4 7 4 4 5 129 14 2 3 4 2 4 26 183 28 1 1 1 0 1 36 35 9 5 9 13 5 3 6 
41 96 47 6 2 1 1 3 83 129 37 6 2 3 2 8 34 55 29 13 7 9 6 10 9 26 21 12 10 11 8 6 63 58 23 5 7 4 4 11 142 88 9 1 1 2 4 54 69 32 16 13 21 19 23 39 13 29 25 10 9 14 13 12 71 17 2 3 6 5 10 26 142 72 10 2 2 1 2 38 73 52 31 23 24 10 6 13 16 22 24 16 12 13 9 8 49 14 5 2 4 3 6 27 122 48 7 2 3 2 3 47 67 43 14 13 17 6 5 15 16 19 17 13 13 10 6 6 
35 17 14 15 10 6 6 12 135 36 4 3 1 1 3 54 82 21 16 37 25 7 12 45 4 11 24 70 47 10 7 6 48 15 10 14 18 12 11 13 141 38 5 7 5 1 2 48 73 16 30 116 64 4 2 17 6 14 45 99 34 4 4 7 42 12 5 9 15 15 19 19 136 80 28 18 8 3 7 30 26 32 51 115 62 11 6 6 12 9 26 53 20 10 16 19 29 10 4 5 9 7 14 21 64 35 17 10 10 8 11 31 16 20 25 31 25 19 14 13 7 7 15 22 13 12 15 15 
28 10 9 18 14 8 10 31 47 10 7 8 6 9 37 74 31 11 4 5 6 23 64 62 17 5 6 14 15 24 35 27 63 17 14 20 15 10 9 28 126 24 4 5 4 12 51 118 28 6 7 34 58 69 87 65 15 6 13 34 41 30 18 13 68 23 7 10 11 14 18 27 128 104 40 18 5 5 9 35 27 44 63 97 67 19 8 10 14 11 21 52 42 13 7 10 34 22 11 6 8 7 12 22 60 58 31 13 6 6 9 27 19 33 47 41 16 12 13 14 12 12 24 36 21 11 11 13 
13 14 10 11 19 37 30 15 33 26 16 10 18 30 32 26 66 21 10 7 11 17 30 62 30 9 5 10 17 27 35 43 24 17 8 7 15 51 57 33 40 25 16 20 63 85 37 16 126 43 8 7 13 17 22 60 41 10 7 20 40 41 27 36 36 37 21 9 12 29 26 31 27 17 16 17 67 102 42 22 121 55 15 7 16 30 25 47 43 35 26 30 42 29 9 12 21 40 31 17 13 14 9 9 16 40 43 25 29 29 12 7 38 59 34 13 24 23 13 12 27 49 37 15 16 9 6 7 
2 2 2 22 79 18 2 1 32 9 5 25 76 18 3 8 133 28 2 4 6 2 2 33 92 17 1 2 3 3 3 26 2 1 2 24 94 25 2 1 40 17 8 39 106 21 2 5 142 43 4 5 7 1 1 31 105 18 1 2 4 2 4 27 1 1 3 29 98 23 1 0 41 5 3 26 104 31 9 18 142 29 0 1 6 5 5 46 103 27 3 2 4 2 1 17 1 1 4 21 82 25 2 1 36 8 3 18 67 23 5 13 135 32 1 1 4 2 3 34 88 22 2 3 4 1 1 20 
41 11 7 9 8 5 6 28 96 12 3 3 2 3 15 106 87 9 2 3 3 4 18 97 39 7 3 7 9 7 11 29 75 21 14 7 6 4 5 28 139 25 4 2 1 3 15 104 69 10 3 8 19 25 34 82 35 16 5 7 9 12 11 25 73 15 6 6 6 8 14 53 141 49 4 2 1 2 5 76 82 37 10 15 26 19 9 22 26 14 6 8 10 15 12 21 68 11 1 2 7 5 13 80 114 18 2 4 5 3 8 105 55 23 9 13 14 7 5 30 19 14 11 12 11 9 7 12 
30 16 14 16 16 2 1 6 133 37 11 6 4 0 1 39 100 24 10 10 10 9 7 28 10 11 12 10 16 21 11 8 49 14 13 17 19 7 3 9 144 41 7 4 3 1 3 55 95 34 41 28 11 8 11 30 13 26 43 24 14 12 9 9 34 16 8 8 9 11 11 14 126 125 60 6 2 2 4 13 29 93 131 39 2 2 2 2 15 53 100 35 5 2 2 4 10 10 6 9 7 6 12 14 22 41 30 10 5 7 15 16 19 55 65 12 1 6 13 9 14 50 58 11 3 5 10 9 
26 64 44 10 3 2 8 7 21 67 55 15 6 11 17 8 29 41 25 15 14 19 24 19 18 9 13 19 25 20 16 13 21 64 64 19 9 1 3 4 31 100 115 35 5 1 4 4 119 110 48 11 11 10 10 19 29 13 13 29 43 32 14 11 16 19 25 18 18 6 6 9 87 28 31 24 14 6 10 36 136 41 10 11 11 4 3 54 36 13 15 32 49 24 5 8 15 8 6 8 14 11 10 19 80 11 4 5 9 5 15 55 112 26 7 13 12 2 4 52 21 13 11 23 32 10 6 9 
23 10 9 29 65 16 6 12 103 31 7 11 23 9 6 29 30 11 4 27 90 27 4 10 77 25 3 7 18 6 3 21 33 8 4 27 100 26 5 9 129 25 3 7 30 13 4 34 41 8 2 23 119 53 5 13 93 35 6 7 24 9 2 21 30 5 2 19 103 34 7 11 129 33 3 10 32 10 4 28 43 13 4 35 123 37 4 8 81 26 7 9 30 12 5 25 21 6 2 17 82 25 10 9 110 27 5 8 24 10 9 31 33 11 7 26 92 31 11 14 54 14 7 14 26 12 9 23 
81 19 4 7 19 9 8 34 41 14 7 22 69 25 12 22 98 28 5 9 23 11 7 32 30 10 6 17 46 17 7 14 109 26 2 9 24 7 5 39 52 15 7 41 109 27 5 15 131 35 5 13 29 9 4 25 38 10 5 21 70 23 7 12 110 29 3 8 25 7 4 36 53 11 3 25 113 42 8 16 130 23 2 8 29 14 5 32 37 13 6 25 69 19 5 11 78 23 5 11 21 6 6 24 42 17 7 27 72 22 7 13 102 26 5 8 24 10 7 26 30 12 8 21 50 13 7 11 
33 20 5 13 22 5 2 7 120 30 4 3 3 1 1 24 67 17 10 15 29 12 5 20 23 14 9 8 25 15 7 12 40 15 2 9 38 19 7 12 136 30 2 3 7 3 2 37 68 16 18 28 42 16 13 20 32 15 17 11 15 7 17 44 32 5 2 11 41 41 21 22 134 34 8 3 7 4 12 58 54 26 28 15 27 12 48 68 26 9 10 8 7 7 55 86 16 3 4 8 17 31 50 64 48 3 2 1 2 6 67 131 27 4 8 9 1 1 79 120 15 1 7 19 14 5 51 63 
22 16 25 18 7 6 16 32 24 23 42 25 5 6 21 33 46 34 26 16 9 11 15 36 39 12 9 15 13 22 21 35 20 30 55 35 10 9 8 18 27 49 101 72 12 7 8 14 122 89 48 17 3 2 7 36 59 25 19 18 17 21 20 40 15 29 48 34 13 13 18 9 46 26 38 41 25 27 34 35 125 82 36 13 3 4 12 53 42 56 70 45 16 6 6 13 13 18 26 19 9 11 14 11 20 37 37 19 10 10 14 18 36 79 56 21 5 3 8 14 14 59 72 27 7 5 8 8 
32 21 4 18 66 34 6 8 112 55 4 7 15 9 9 34 27 13 8 23 64 27 12 13 17 14 14 12 34 18 4 10 34 12 4 19 98 75 6 11 135 41 3 7 29 17 5 35 45 9 7 27 99 47 8 14 18 12 15 20 45 23 6 10 20 2 0 5 89 106 30 16 129 40 8 11 29 36 23 43 38 24 15 51 85 24 7 6 14 7 7 16 38 27 14 12 10 12 5 7 55 80 21 9 36 18 8 8 34 54 34 28 20 18 15 23 33 30 19 10 11 7 9 19 27 19 13 9 
12 13 29 40 16 10 12 14 10 14 38 44 18 16 24 16 18 28 36 19 9 19 34 19 25 28 18 9 11 20 24 15 29 24 40 65 33 17 7 9 116 36 25 23 14 25 66 90 25 17 15 24 49 90 93 41 27 25 19 12 20 32 33 23 30 9 7 19 29 61 45 25 116 89 59 25 13 25 27 41 26 48 91 82 48 30 14 11 33 25 39 24 14 18 19 30 20 13 10 7 17 41 32 19 10 14 20 16 31 47 39 16 18 22 34 24 17 31 31 17 32 29 32 16 7 9 16 28 
10 11 8 8 12 11 6 7 64 34 9 6 9 7 8 18 100 21 2 3 17 27 25 55 9 5 3 11 53 58 22 13 8 10 8 10 18 13 9 8 91 40 14 11 19 11 5 11 150 42 3 1 14 24 17 54 21 4 3 9 83 102 28 16 9 13 14 9 15 12 10 7 90 17 9 6 16 17 15 28 150 58 5 5 10 9 5 45 39 18 8 20 84 80 16 10 8 9 10 7 14 10 11 10 54 28 11 5 9 7 11 16 134 98 12 6 3 2 2 15 43 49 19 20 41 30 7 5 
11 10 12 24 29 24 17 15 25 13 11 17 23 22 38 50 27 8 7 8 10 27 49 51 24 13 5 7 12 19 22 24 24 14 9 44 70 36 14 13 121 25 6 14 15 20 49 102 24 5 5 18 76 81 66 50 25 21 12 13 24 24 18 28 36 10 8 55 84 39 11 20 131 53 8 16 22 9 7 61 42 20 13 53 108 39 8 12 28 14 8 15 38 18 11 27 25 8 8 20 41 40 22 32 99 26 10 13 14 10 13 69 24 12 16 42 66 24 7 13 29 13 12 18 25 12 8 19 
13 20 24 24 24 17 10 10 15 32 44 43 29 18 9 9 36 48 35 22 16 19 16 19 22 19 15 12 17 22 22 20 14 19 22 37 45 26 15 11 23 40 65 102 89 29 8 6 126 94 45 24 11 12 13 36 46 17 11 15 26 36 30 25 16 15 13 20 43 41 26 17 22 7 6 25 88 107 74 37 127 37 8 6 10 27 51 92 51 30 19 21 27 19 12 17 19 18 12 12 21 22 21 20 18 14 14 12 31 50 41 27 40 23 13 11 15 26 31 44 29 25 18 17 17 11 9 15 
31 14 16 18 15 9 12 30 37 22 23 46 30 14 11 25 95 58 18 21 12 3 1 16 56 28 6 5 10 5 4 16 49 26 20 32 19 6 8 30 34 30 35 109 77 14 6 13 134 73 19 27 10 2 3 24 83 28 4 3 8 7 9 22 39 25 24 35 28 6 6 22 41 14 19 69 84 34 15 26 136 45 5 6 9 8 7 58 80 35 8 5 7 8 9 18 16 14 18 30 24 7 9 14 34 18 22 38 42 15 9 24 116 59 13 6 6 3 3 29 67 46 12 6 5 3 3 12 
33 13 10 12 11 8 9 24 73 31 11 8 13 10 11 30 113 35 4 2 5 6 14 55 44 15 3 4 11 14 17 35 54 12 7 9 10 10 14 42 78 27 9 10 28 38 23 30 136 55 5 3 5 6 7 38 59 20 8 15 21 17 13 21 64 13 3 3 7 10 21 65 50 4 1 3 15 61 66 84 125 16 2 2 4 18 37 100 52 18 9 18 26 13 12 21 61 14 2 1 4 7 32 67 48 14 5 3 7 23 42 75 51 13 8 11 9 21 30 60 25 13 13 19 21 12 17 17 
27 29 16 10 15 11 9 13 40 27 12 9 15 26 34 32 17 16 13 10 17 48 38 20 16 16 11 12 16 27 16 11 46 23 15 20 33 26 13 14 129 32 7 5 10 29 49 91 27 8 6 8 66 119 74 33 19 17 11 11 31 59 34 15 37 10 6 9 37 46 26 18 128 94 20 7 11 13 12 33 42 59 33 35 81 72 14 8 12 14 10 13 49 69 28 10 12 12 12 10 24 32 16 10 56 74 26 8 13 17 10 11 39 77 47 20 22 13 5 5 10 24 25 16 34 36 10 6 
16 10 12 66 82 14 3 7 99 38 12 27 27 5 4 33 48 17 12 23 31 14 9 26 11 17 25 31 20 11 7 8 27 9 7 75 113 15 3 6 128 30 6 19 28 7 6 57 49 12 13 60 88 25 12 26 12 20 32 51 34 7 4 6 35 12 7 62 89 17 6 14 126 75 25 24 20 5 4 25 26 32 49 93 64 8 5 5 13 13 26 47 24 6 10 10 30 11 10 41 50 8 7 19 55 45 23 28 15 4 5 20 21 24 32 48 25 5 5 9 15 10 21 26 17 5 5 11 
